Ángulo del contad	Tasa con 35kV
2*theta/°	R(35kV)/Imp/s

34,0	60,0
34,2	56,0
34,5	63,0
34,6	63,0
34,9	60,0
35,0	67,0
35,3	75,0
35,5	64,0
35,6	64,0
35,9	81,0
36,1	152,0
36,3	441,0
36,4	470,0
36,6	215,0
36,9	93,0
37,0	70,0
37,2	75,0
37,5	78,0
37,6	83,0
37,9	68,0
38,0	61,0
38,3	61,0
38,5	83,0
38,6	66,0
38,9	74,0
39,0	73,0
39,2	81,0
39,5	73,0
39,6	78,0
39,9	88,0
40,1	98,0
40,3	114,0
40,5	175,0
40,6	505,0
40,9	2025,0
41,1	1740,0
41,3	323,0
41,4	108,0
41,6	88,0
41,9	79,0
42,0	67,0
42,2	60,0
42,4	55,0
42,6	57,0
42,9	74,0
43,0	54,0
43,2	51,0
43,5	52,0
43,6	49,0
43,9	58,0
44,0	51,0
