Ángulo del contad	Tasa con 11kV	Tasa con 13kV	Tasa con 15kV	Tasa con 17kV	Tasa con 19kV	Tasa con 21kV	Tasa con 23kV	Tasa con 25kV	Tasa con 27kV	Tasa con 29kV	Tasa con 31kV	Tasa con 33kV	Tasa con 35kV
2*theta/°	R(11kV)/Imp/s	R(13kV)/Imp/s	R(15kV)/Imp/s	R(17kV)/Imp/s	R(19kV)/Imp/s	R(21kV)/Imp/s	R(23kV)/Imp/s	R(25kV)/Imp/s	R(27kV)/Imp/s	R(29kV)/Imp/s	R(31kV)/Imp/s	R(33kV)/Imp/s	R(35kV)/Imp/s

32,0	4,0	23,0	47,0	49,0	76,0	96,0	122,0	151,0	165,0	209,0	251,0	300,0	311,0
32,2	10,0	19,0	36,0	52,0	78,0	95,0	134,0	159,0	195,0	213,0	256,0	296,0	345,0
32,5	6,0	24,0	45,0	59,0	76,0	94,0	122,0	167,0	189,0	229,0	266,0	313,0	365,0
32,6	10,0	23,0	51,0	62,0	77,0	106,0	117,0	149,0	168,0	241,0	262,0	298,0	330,0
32,9	14,0	26,0	42,0	66,0	73,0	97,0	126,0	166,0	197,0	228,0	264,0	302,0	320,0
33,0	7,0	21,0	40,0	59,0	80,0	106,0	127,0	169,0	173,0	217,0	267,0	263,0	346,0
33,3	12,0	25,0	36,0	67,0	79,0	99,0	127,0	175,0	188,0	219,0	263,0	303,0	334,0
33,5	10,0	25,0	43,0	56,0	80,0	110,0	127,0	165,0	161,0	213,0	222,0	264,0	325,0
33,6	11,0	19,0	44,0	59,0	87,0	103,0	127,0	145,0	179,0	185,0	247,0	292,0	336,0
33,9	11,0	19,0	41,0	57,0	81,0	79,0	124,0	153,0	169,0	198,0	237,0	271,0	322,0
34,0	9,0	20,0	45,0	50,0	75,0	91,0	110,0	148,0	164,0	218,0	230,0	276,0	329,0
34,2	9,0	23,0	36,0	60,0	78,0	100,0	117,0	148,0	170,0	203,0	254,0	281,0	301,0
34,5	13,0	20,0	34,0	51,0	70,0	102,0	105,0	141,0	160,0	206,0	243,0	263,0	298,0
34,6	10,0	28,0	46,0	47,0	75,0	107,0	105,0	154,0	167,0	207,0	256,0	259,0	292,0
34,9	11,0	23,0	39,0	54,0	69,0	96,0	108,0	157,0	169,0	211,0	241,0	284,0	293,0
35,0	14,0	20,0	38,0	70,0	80,0	94,0	121,0	152,0	167,0	214,0	256,0	274,0	337,0
35,3	11,0	26,0	34,0	54,0	76,0	114,0	123,0	151,0	187,0	213,0	247,0	284,0	309,0
35,5	16,0	18,0	38,0	59,0	84,0	100,0	123,0	137,0	191,0	210,0	250,0	283,0	322,0
35,6	15,0	22,0	33,0	63,0	77,0	104,0	118,0	150,0	203,0	214,0	258,0	284,0	323,0
35,9	9,0	30,0	48,0	67,0	102,0	139,0	154,0	204,0	231,0	289,0	330,0	360,0	404,0
36,1	18,0	39,0	68,0	111,0	151,0	196,0	241,0	300,0	373,0	416,0	484,0	579,0	584,0
36,3	35,0	120,0	209,0	328,0	467,0	644,0	784,0	967,0	1091,0	1238,0	1430,0	1613,0	1805,0
36,4	49,0	144,0	276,0	432,0	621,0	759,0	960,0	1232,0	1369,0	1569,0	1793,0	1989,0	2186,0
36,6	34,0	87,0	140,0	242,0	340,0	434,0	554,0	680,0	827,0	946,0	1085,0	1251,0	1410,0
36,9	17,0	29,0	47,0	82,0	102,0	145,0	196,0	198,0	252,0	297,0	342,0	403,0	473,0
37,0	9,0	26,0	41,0	61,0	98,0	133,0	161,0	191,0	237,0	273,0	300,0	361,0	433,0
37,2	14,0	21,0	51,0	69,0	103,0	113,0	139,0	181,0	214,0	245,0	267,0	344,0	384,0
37,5	14,0	25,0	46,0	67,0	84,0	125,0	136,0	172,0	205,0	235,0	289,0	331,0	366,0
37,6	11,0	27,0	43,0	53,0	78,0	109,0	140,0	192,0	196,0	220,0	252,0	308,0	371,0
37,9	11,0	27,0	39,0	62,0	78,0	106,0	152,0	179,0	199,0	228,0	238,0	333,0	356,0
38,0	12,0	31,0	36,0	59,0	98,0	101,0	126,0	169,0	182,0	215,0	274,0	307,0	333,0
38,3	13,0	27,0	42,0	57,0	76,0	105,0	119,0	146,0	191,0	221,0	258,0	296,0	334,0
38,5	12,0	32,0	41,0	66,0	88,0	100,0	134,0	159,0	179,0	229,0	273,0	330,0	367,0
38,6	12,0	25,0	41,0	61,0	79,0	108,0	124,0	164,0	207,0	221,0	255,0	299,0	330,0
38,9	18,0	24,0	34,0	63,0	92,0	112,0	131,0	180,0	201,0	229,0	270,0	316,0	363,0
39,0	13,0	24,0	47,0	62,0	74,0	107,0	138,0	155,0	189,0	234,0	275,0	320,0	359,0
39,2	10,0	22,0	39,0	59,0	87,0	113,0	139,0	173,0	206,0	228,0	289,0	319,0	358,0
39,5	11,0	27,0	46,0	57,0	90,0	122,0	141,0	170,0	227,0	247,0	287,0	327,0	378,0
39,6	14,0	31,0	33,0	66,0	79,0	120,0	140,0	179,0	218,0	248,0	309,0	333,0	402,0
39,9	13,0	29,0	54,0	68,0	98,0	129,0	148,0	199,0	230,0	288,0	314,0	363,0	422,0
40,1	12,0	30,0	48,0	82,0	118,0	141,0	175,0	196,0	239,0	297,0	352,0	408,0	448,0
40,3	14,0	33,0	48,0	94,0	116,0	151,0	209,0	239,0	288,0	341,0	399,0	461,0	529,0
40,5	15,0	43,0	82,0	122,0	171,0	238,0	274,0	356,0	438,0	498,0	619,0	651,0	705,0
40,6	34,0	105,0	178,0	286,0	416,0	552,0	670,0	798,0	959,0	1101,0	1233,0	1337,0	1494,0
40,9	170,0	578,0	1099,0	1667,0	2268,0	2959,0	3726,0	4293,0	5048,0	5973,0	6813,0	7512,0	8021,0
41,1	183,0	572,0	1131,0	1681,0	2348,0	2976,0	3629,0	4301,0	5293,0	6212,0	7189,0	7803,0	8402,0
41,3	42,0	118,0	219,0	382,0	565,0	709,0	859,0	1051,0	1306,0	1547,0	1733,0	1958,0	2246,0
41,4	18,0	36,0	63,0	94,0	137,0	190,0	233,0	313,0	373,0	415,0	488,0	564,0	637,0
41,6	14,0	34,0	47,0	80,0	119,0	141,0	189,0	225,0	267,0	338,0	392,0	445,0	498,0
41,9	15,0	24,0	44,0	65,0	87,0	126,0	159,0	189,0	230,0	277,0	308,0	373,0	431,0
42,0	11,0	26,0	36,0	62,0	82,0	111,0	123,0	175,0	203,0	221,0	261,0	325,0	340,0
42,2	14,0	19,0	36,0	53,0	71,0	98,0	132,0	150,0	164,0	208,0	241,0	289,0	349,0
42,4	8,0	25,0	38,0	53,0	69,0	85,0	122,0	152,0	176,0	191,0	215,0	275,0	323,0
42,6	7,0	20,0	37,0	45,0	72,0	98,0	115,0	136,0	167,0	192,0	225,0	273,0	295,0
42,9	11,0	17,0	31,0	55,0	77,0	81,0	116,0	133,0	157,0	202,0	233,0	271,0	323,0
43,0	12,0	17,0	37,0	44,0	67,0	87,0	109,0	144,0	164,0	193,0	236,0	265,0	304,0
43,2	8,0	22,0	33,0	46,0	61,0	91,0	109,0	125,0	163,0	202,0	228,0	247,0	293,0
43,5	16,0	18,0	35,0	41,0	70,0	87,0	119,0	126,0	166,0	185,0	238,0	262,0	287,0
43,6	10,0	19,0	32,0	55,0	69,0	85,0	99,0	120,0	161,0	197,0	215,0	254,0	296,0
43,9	11,0	16,0	23,0	48,0	63,0	93,0	107,0	145,0	168,0	183,0	202,0	263,0	302,0
44,0	12,0	20,0	35,0	43,0	64,0	79,0	112,0	146,0	154,0	171,0	225,0	257,0	289,0
