Ángulo del contad	Tasa con 35kV
2*theta/°	R(35kV)/Imp/s

34,0	160,0
34,2	152,0
34,5	166,0
34,6	161,0
34,9	160,0
35,0	157,0
35,3	150,0
35,5	172,0
35,6	187,0
35,9	217,0
36,1	402,0
36,3	1095,0
36,4	1172,0
36,6	502,0
36,9	216,0
37,0	204,0
37,2	189,0
37,5	178,0
37,6	166,0
37,9	168,0
38,0	182,0
38,3	182,0
38,5	171,0
38,6	185,0
38,9	195,0
39,0	161,0
39,2	174,0
39,5	190,0
39,6	210,0
39,9	219,0
40,1	250,0
40,3	273,0
40,5	449,0
40,6	1252,0
40,9	4539,0
41,1	3996,0
41,3	782,0
41,4	313,0
41,6	251,0
41,9	207,0
42,0	163,0
42,2	168,0
42,4	156,0
42,6	152,0
42,9	150,0
43,0	147,0
43,2	155,0
43,5	141,0
43,6	154,0
43,9	146,0
44,0	137,0
