Ángulo del contad	Tasa con 35kV
2*theta/°	R(35kV)/Imp/s

6,0	1806,0
6,2	1546,0
6,4	1419,0
6,6	1373,0
6,8	1336,0
7,0	1251,0
7,2	1239,0
7,4	1198,0
7,6	1188,0
7,8	1123,0
8,0	1135,0
8,2	1059,0
8,4	1051,0
8,6	1013,0
8,8	1024,0
9,0	1011,0
9,2	971,0
9,4	946,0
9,6	962,0
9,8	968,0
10,0	946,0
10,2	942,0
10,4	921,0
10,6	902,0
10,8	868,0
11,0	885,0
11,2	874,0
11,3	874,0
11,6	829,0
11,8	807,0
12,0	800,0
12,2	770,0
12,4	758,0
12,6	751,0
12,8	759,0
13,0	693,0
13,2	716,0
13,4	699,0
13,6	680,0
13,8	635,0
14,0	632,0
14,2	600,0
14,4	601,0
14,6	574,0
14,8	565,0
15,0	525,0
15,2	504,0
15,4	516,0
15,6	459,0
15,8	461,0
16,0	427,0
16,2	443,0
16,4	422,0
16,6	380,0
16,7	364,0
17,0	355,0
17,2	368,0
17,4	339,0
17,6	331,0
17,7	327,0
18,0	307,0
18,2	291,0
18,4	274,0
18,6	289,0
18,8	294,0
19,0	301,0
19,2	296,0
19,4	278,0
19,6	280,0
19,8	274,0
20,0	270,0
20,2	267,0
20,4	269,0
20,6	275,0
20,8	276,0
21,0	277,0
21,2	282,0
21,4	285,0
21,6	279,0
21,7	302,0
22,0	290,0
22,2	287,0
22,4	302,0
22,6	278,0
22,8	303,0
23,0	290,0
23,2	296,0
23,4	292,0
23,6	303,0
23,8	299,0
24,0	293,0
24,2	295,0
24,4	283,0
24,6	313,0
24,7	277,0
25,0	293,0
25,2	309,0
25,4	277,0
25,6	306,0
25,8	303,0
26,0	296,0
26,2	311,0
26,4	306,0
26,6	298,0
26,8	319,0
27,0	291,0
27,2	305,0
27,4	319,0
27,6	301,0
27,8	298,0
28,0	314,0
28,2	288,0
28,4	300,0
28,6	287,0
28,8	304,0
29,0	316,0
29,2	329,0
29,4	322,0
29,6	302,0
29,8	315,0
30,0	303,0
30,2	314,0
30,4	297,0
30,6	304,0
30,8	306,0
31,0	326,0
31,2	315,0
31,4	301,0
31,6	313,0
31,8	304,0
32,0	340,0
32,2	339,0
32,4	337,0
32,5	325,0
32,8	339,0
33,0	324,0
33,2	323,0
33,4	322,0
33,6	321,0
33,8	311,0
34,0	308,0
34,2	315,0
34,4	317,0
34,5	302,0
34,8	325,0
35,0	316,0
35,2	325,0
35,4	336,0
35,5	345,0
35,8	480,0
36,0	1021,0
36,2	1795,0
36,4	1784,0
36,5	669,0
36,8	404,0
37,0	396,0
37,2	362,0
37,4	345,0
37,5	337,0
37,8	339,0
38,0	321,0
38,2	348,0
38,4	335,0
38,6	335,0
38,8	348,0
39,0	356,0
39,2	357,0
39,4	368,0
39,5	401,0
39,8	417,0
40,0	463,0
40,2	592,0
40,4	947,0
40,5	3150,0
40,8	7939,0
41,0	5214,0
41,2	959,0
41,4	499,0
41,5	422,0
41,8	373,0
42,0	327,0
42,2	330,0
42,4	312,0
42,6	321,0
42,8	292,0
43,0	273,0
43,2	302,0
43,4	307,0
43,6	290,0
43,8	290,0
44,0	271,0
44,2	275,0
44,4	291,0
44,5	288,0
44,8	277,0
45,0	274,0
45,2	263,0
45,4	264,0
45,5	267,0
45,8	264,0
46,0	262,0
46,2	254,0
46,4	258,0
46,5	255,0
46,8	268,0
47,0	264,0
47,2	260,0
47,4	260,0
47,6	249,0
47,8	263,0
48,0	236,0
48,2	259,0
48,4	271,0
48,6	254,0
48,8	234,0
49,0	256,0
49,2	257,0
49,4	248,0
49,5	250,0
49,8	228,0
50,0	239,0
50,2	232,0
50,4	229,0
50,5	233,0
50,8	233,0
51,0	243,0
51,2	223,0
51,4	237,0
51,6	215,0
51,8	218,0
52,0	252,0
52,2	237,0
52,4	233,0
52,6	229,0
52,8	226,0
53,0	233,0
53,2	236,0
53,4	241,0
53,6	233,0
53,8	240,0
54,0	242,0
54,2	242,0
54,4	245,0
54,6	231,0
54,8	242,0
55,0	242,0
55,2	234,0
55,4	229,0
55,6	228,0
55,8	232,0
56,0	230,0
56,2	228,0
56,4	226,0
56,6	223,0
56,8	224,0
57,0	226,0
57,2	233,0
57,4	233,0
57,6	221,0
57,8	218,0
58,0	220,0
58,2	229,0
58,4	228,0
58,6	211,0
58,8	211,0
59,0	239,0
59,2	217,0
59,4	231,0
59,6	227,0
59,8	229,0
60,0	234,0
60,2	224,0
60,4	225,0
60,6	227,0
60,8	232,0
61,0	235,0
61,2	233,0
61,4	231,0
61,6	218,0
61,8	252,0
62,0	235,0
62,2	227,0
62,4	232,0
62,6	210,0
62,8	225,0
63,0	219,0
63,2	229,0
63,4	230,0
63,6	219,0
63,8	222,0
64,0	225,0
64,1	236,0
64,4	221,0
64,6	229,0
64,8	233,0
65,0	229,0
65,2	217,0
65,4	235,0
65,6	216,0
65,8	215,0
66,0	208,0
66,2	204,0
66,4	214,0
66,6	206,0
66,8	212,0
67,0	209,0
67,2	218,0
67,4	208,0
67,6	206,0
67,8	196,0
68,0	220,0
68,2	205,0
68,4	193,0
68,6	210,0
68,8	211,0
69,0	209,0
69,1	211,0
69,4	202,0
69,6	212,0
69,8	210,0
70,0	197,0
70,2	227,0
70,4	203,0
70,6	207,0
70,8	206,0
71,0	190,0
71,2	216,0
71,4	208,0
71,6	203,0
71,8	202,0
72,0	220,0
72,2	195,0
72,4	204,0
72,6	213,0
72,8	206,0
73,0	213,0
73,2	202,0
73,4	207,0
73,6	193,0
73,8	200,0
74,0	206,0
74,1	208,0
74,4	224,0
74,6	205,0
74,8	206,0
75,0	229,0
75,2	219,0
75,4	202,0
75,6	196,0
75,8	197,0
76,0	199,0
76,2	199,0
76,4	193,0
76,6	201,0
76,8	192,0
77,0	198,0
77,2	195,0
77,4	203,0
77,6	186,0
77,8	202,0
78,0	186,0
78,2	202,0
78,4	204,0
78,6	188,0
78,8	187,0
79,0	197,0
79,1	195,0
79,4	202,0
79,6	202,0
79,8	193,0
80,0	192,0
80,2	199,0
80,4	195,0
80,6	200,0
80,8	199,0
81,0	188,0
81,1	204,0
81,4	201,0
81,6	203,0
81,8	186,0
82,0	187,0
82,2	205,0
82,4	226,0
82,6	218,0
82,8	246,0
83,0	395,0
83,2	468,0
83,4	258,0
83,6	218,0
83,8	221,0
84,0	212,0
84,1	207,0
84,4	207,0
84,6	191,0
84,8	189,0
85,0	196,0
85,2	211,0
85,4	193,0
85,6	208,0
85,8	191,0
86,0	202,0
86,1	221,0
86,4	184,0
86,6	190,0
86,8	206,0
87,0	195,0
87,2	200,0
87,4	195,0
87,6	201,0
87,8	191,0
88,0	200,0
88,2	183,0
88,4	210,0
88,6	212,0
88,8	204,0
89,0	198,0
89,1	209,0
89,4	200,0
89,6	207,0
89,8	204,0
90,0	201,0
90,2	197,0
90,4	192,0
90,6	197,0
90,8	202,0
91,0	199,0
91,1	208,0
91,4	209,0
91,6	198,0
91,8	201,0
92,0	186,0
92,2	208,0
92,4	189,0
92,6	200,0
92,8	204,0
93,0	219,0
93,2	220,0
93,4	214,0
93,6	218,0
93,8	212,0
94,0	237,0
94,1	221,0
94,4	218,0
94,6	256,0
94,8	276,0
95,0	538,0
95,2	1006,0
95,4	1275,0
95,6	843,0
95,8	597,0
96,0	275,0
96,1	245,0
96,4	227,0
96,6	206,0
96,8	216,0
97,0	219,0
97,2	203,0
97,4	207,0
97,6	221,0
97,8	194,0
98,0	192,0
98,2	207,0
98,4	218,0
98,6	190,0
98,8	204,0
99,0	201,0
99,1	208,0
99,4	199,0
99,6	200,0
99,8	192,0
100,0	201,0
100,2	195,0
100,4	188,0
100,6	203,0
100,8	186,0
101,0	199,0
101,2	203,0
101,4	195,0
101,6	210,0
101,8	195,0
102,0	191,0
102,1	204,0
102,4	190,0
102,6	194,0
102,8	191,0
103,0	201,0
103,2	203,0
103,4	196,0
103,6	209,0
103,8	196,0
104,0	200,0
104,2	201,0
104,4	201,0
104,6	202,0
104,8	209,0
105,0	197,0
105,2	205,0
105,4	202,0
105,6	212,0
105,8	207,0
106,0	209,0
106,2	208,0
106,4	213,0
106,6	196,0
106,8	211,0
107,0	209,0
107,2	216,0
107,4	206,0
107,6	226,0
107,8	204,0
108,0	205,0
108,2	203,0
108,4	202,0
108,6	197,0
108,8	208,0
109,0	206,0
109,2	190,0
109,4	208,0
109,6	210,0
109,8	213,0
110,0	220,0
