Ángulo del contad	Tasa con 35kV
2*theta/°	R(35kV)/Imp/s

34,0	260,0
34,2	263,0
34,5	242,0
34,6	240,0
34,9	242,0
35,0	246,0
35,3	263,0
35,5	267,0
35,6	277,0
35,9	349,0
36,1	574,0
36,3	1548,0
36,4	1766,0
36,6	823,0
36,9	365,0
37,0	337,0
37,2	310,0
37,5	301,0
37,6	286,0
37,9	273,0
38,0	285,0
38,3	262,0
38,5	271,0
38,6	291,0
38,9	284,0
39,0	280,0
39,2	279,0
39,5	320,0
39,6	286,0
39,9	350,0
40,1	401,0
40,3	0,0
40,5	633,0
40,6	1730,0
40,9	7238,0
41,1	6492,0
41,3	0,0
41,4	480,0
41,6	396,0
41,9	323,0
42,0	299,0
42,2	264,0
42,4	248,0
42,6	247,0
42,9	246,0
43,0	253,0
43,2	242,0
43,5	243,0
43,6	232,0
43,9	227,0
44,0	235,0
