Ángulo del contad	Tasa con 35kV
2*theta/°	R(35kV)/Imp/s

34,0	119,0
34,2	131,0
34,5	130,0
34,6	109,0
34,9	137,0
35,0	137,0
35,3	130,0
35,5	130,0
35,6	141,0
35,9	182,0
36,1	321,0
36,3	840,0
36,4	954,0
36,6	404,0
36,9	177,0
37,0	164,0
37,2	167,0
37,5	151,0
37,6	155,0
37,9	144,0
38,0	129,0
38,3	125,0
38,5	124,0
38,6	151,0
38,9	163,0
39,0	155,0
39,2	145,0
39,5	152,0
39,6	168,0
39,9	178,0
40,1	186,0
40,3	212,0
40,5	355,0
40,6	992,0
40,9	3790,0
41,1	3286,0
41,3	641,0
41,4	256,0
41,6	195,0
41,9	151,0
42,0	134,0
42,2	128,0
42,4	117,0
42,6	137,0
42,9	116,0
43,0	125,0
43,2	119,0
43,5	124,0
43,6	111,0
43,9	106,0
44,0	127,0
