Ángulo del contad	Tasa con 35kV
2*theta/°	R(35kV)/Imp/s

34,0	107,0
34,2	87,0
34,5	105,0
34,6	84,0
34,9	104,0
35,0	99,0
35,3	107,0
35,5	108,0
35,6	112,0
35,9	141,0
36,1	238,0
36,3	679,0
36,4	742,0
36,6	338,0
36,9	139,0
37,0	132,0
37,2	113,0
37,5	118,0
37,6	104,0
37,9	102,0
38,0	109,0
38,3	109,0
38,5	109,0
38,6	98,0
38,9	114,0
39,0	116,0
39,2	110,0
39,5	118,0
39,6	114,0
39,9	120,0
40,1	136,0
40,3	158,0
40,5	263,0
40,6	745,0
40,9	2924,0
41,1	2524,0
41,3	491,0
41,4	175,0
41,6	134,0
41,9	121,0
42,0	102,0
42,2	95,0
42,4	92,0
42,6	86,0
42,9	97,0
43,0	89,0
43,2	89,0
43,5	87,0
43,6	87,0
43,9	87,0
44,0	85,0
