Ángulo del contad	Tasa con 35kV
2*theta/°	R(35kV)/Imp/s

34,0	207,0
34,2	221,0
34,5	224,0
34,6	213,0
34,9	224,0
35,0	223,0
35,3	231,0
35,5	227,0
35,6	241,0
35,9	321,0
36,1	523,0
36,3	1444,0
36,4	1600,0
36,6	737,0
36,9	283,0
37,0	290,0
37,2	273,0
37,5	261,0
37,6	255,0
37,9	239,0
38,0	228,0
38,3	250,0
38,5	258,0
38,6	249,0
38,9	240,0
39,0	252,0
39,2	264,0
39,5	276,0
39,6	288,0
39,9	309,0
40,1	342,0
40,3	387,0
40,5	575,0
40,6	1576,0
40,9	6544,0
41,1	5621,0
41,3	1105,0
41,4	444,0
41,6	376,0
41,9	306,0
42,0	252,0
42,2	221,0
42,4	250,0
42,6	240,0
42,9	207,0
43,0	204,0
43,2	205,0
43,5	203,0
43,6	196,0
43,9	199,0
44,0	201,0
