Ángulo del contad	Tasa con 35kV
2*theta/°	R(35kV)/Imp/s

34,0	326,0
34,2	296,0
34,5	308,0
34,6	325,0
34,9	314,0
35,0	318,0
35,3	316,0
35,5	332,0
35,6	362,0
35,9	441,0
36,1	700,0
36,3	1945,0
36,4	2161,0
36,6	1124,0
36,9	449,0
37,0	412,0
37,2	374,0
37,5	383,0
37,6	340,0
37,9	346,0
38,0	360,0
38,3	332,0
38,5	354,0
38,6	346,0
38,9	347,0
39,0	350,0
39,2	357,0
39,5	345,0
39,6	397,0
39,9	400,0
40,1	468,0
40,3	528,0
40,5	784,0
40,6	1952,0
40,9	8336,0
41,1	7970,0
41,3	1711,0
41,4	587,0
41,6	486,0
41,9	416,0
42,0	339,0
42,2	334,0
42,4	331,0
42,6	324,0
42,9	302,0
43,0	296,0
43,2	296,0
43,5	287,0
43,6	320,0
43,9	303,0
44,0	288,0
