Ángulo del contad	Tasa con 35kV
2*theta/°	R(35kV)/Imp/s

34,0	22,0
34,2	36,0
34,5	28,0
34,6	33,0
34,9	29,0
35,0	30,0
35,3	25,0
35,5	25,0
35,6	27,0
35,9	39,0
36,1	71,0
36,3	219,0
36,4	235,0
36,6	123,0
36,9	35,0
37,0	34,0
37,2	45,0
37,5	34,0
37,6	32,0
37,9	32,0
38,0	31,0
38,3	32,0
38,5	34,0
38,6	39,0
38,9	28,0
39,0	33,0
39,2	33,0
39,5	39,0
39,6	35,0
39,9	42,0
40,1	39,0
40,3	50,0
40,5	74,0
40,6	186,0
40,9	1020,0
41,1	958,0
41,3	173,0
41,4	67,0
41,6	47,0
41,9	36,0
42,0	26,0
42,2	25,0
42,4	27,0
42,6	32,0
42,9	26,0
43,0	27,0
43,2	21,0
43,5	27,0
43,6	26,0
43,9	21,0
44,0	22,0
