Ángulo del contad	Tasa con 13kV	Tasa con 15kV	Tasa con 17kV	Tasa con 19kV	Tasa con 21kV	Tasa con 23kV	Tasa con 25kV	Tasa con 27kV	Tasa con 29kV	Tasa con 31kV	Tasa con 33kV	Tasa con 35kV
2*theta/°	R(13kV)/Imp/s	R(15kV)/Imp/s	R(17kV)/Imp/s	R(19kV)/Imp/s	R(21kV)/Imp/s	R(23kV)/Imp/s	R(25kV)/Imp/s	R(27kV)/Imp/s	R(29kV)/Imp/s	R(31kV)/Imp/s	R(33kV)/Imp/s	R(35kV)/Imp/s

38,0	2,0	1,0	3,0	2,0	2,0	6,0	8,0	5,0	5,0	3,0	9,0	8,0
38,2	1,0	1,0	1,0	2,0	3,0	4,0	4,0	7,0	8,0	6,0	6,0	10,0
38,4	0,0	1,0	1,0	0,0	2,0	4,0	5,0	4,0	8,0	9,0	7,0	10,0
38,6	0,0	1,0	1,0	2,0	2,0	2,0	4,0	2,0	5,0	7,0	6,0	10,0
38,8	0,0	1,0	2,0	2,0	2,0	0,0	3,0	6,0	5,0	8,0	7,0	5,0
39,0	2,0	0,0	1,0	2,0	4,0	3,0	6,0	6,0	10,0	7,0	9,0	8,0
39,2	0,0	0,0	1,0	2,0	2,0	4,0	7,0	4,0	4,0	6,0	6,0	9,0
39,4	0,0	0,0	0,0	0,0	3,0	3,0	2,0	5,0	6,0	9,0	10,0	14,0
39,5	0,0	1,0	2,0	1,0	2,0	3,0	4,0	4,0	6,0	12,0	10,0	11,0
39,8	0,0	3,0	2,0	3,0	2,0	3,0	4,0	6,0	5,0	8,0	12,0	12,0
40,0	0,0	1,0	2,0	2,0	3,0	4,0	5,0	5,0	10,0	7,0	7,0	11,0
40,2	0,0	0,0	3,0	2,0	2,0	6,0	5,0	12,0	7,0	6,0	10,0	10,0
40,4	1,0	2,0	0,0	2,0	4,0	5,0	4,0	3,0	9,0	9,0	9,0	10,0
40,5	1,0	1,0	3,0	2,0	7,0	2,0	6,0	7,0	6,0	10,0	14,0	14,0
40,8	0,0	2,0	6,0	3,0	6,0	4,0	7,0	12,0	12,0	15,0	18,0	17,0
41,0	2,0	5,0	8,0	7,0	10,0	16,0	17,0	19,0	22,0	27,0	30,0	31,0
41,2	0,0	1,0	1,0	4,0	4,0	3,0	7,0	13,0	8,0	7,0	9,0	12,0
41,4	1,0	0,0	2,0	1,0	3,0	2,0	6,0	5,0	5,0	10,0	11,0	8,0
41,5	1,0	1,0	1,0	3,0	3,0	4,0	4,0	4,0	6,0	7,0	11,0	15,0
41,8	0,0	1,0	1,0	3,0	7,0	3,0	4,0	7,0	7,0	8,0	9,0	15,0
42,0	2,0	0,0	2,0	3,0	1,0	1,0	4,0	7,0	9,0	7,0	10,0	10,0
42,2	0,0	4,0	1,0	0,0	3,0	3,0	3,0	6,0	7,0	8,0	9,0	9,0
42,4	1,0	2,0	2,0	2,0	4,0	3,0	4,0	5,0	3,0	8,0	11,0	11,0
42,6	1,0	2,0	2,0	3,0	1,0	2,0	4,0	4,0	7,0	6,0	6,0	11,0
42,8	0,0	0,0	2,0	1,0	3,0	3,0	3,0	5,0	5,0	10,0	10,0	13,0
43,0	0,0	0,0	2,0	3,0	1,0	2,0	6,0	5,0	3,0	7,0	9,0	11,0
43,2	0,0	1,0	2,0	1,0	3,0	4,0	4,0	7,0	8,0	9,0	10,0	8,0
43,4	1,0	0,0	1,0	1,0	3,0	3,0	3,0	5,0	7,0	7,0	10,0	12,0
43,6	0,0	1,0	1,0	1,0	5,0	2,0	3,0	5,0	6,0	6,0	7,0	9,0
43,8	1,0	2,0	3,0	1,0	3,0	3,0	8,0	7,0	6,0	6,0	10,0	12,0
44,0	1,0	2,0	2,0	3,0	2,0	4,0	2,0	10,0	7,0	9,0	11,0	9,0
