Ángulo del contad	Tasa con 35kV
2*theta/°	R(35kV)/Imp/s

34,0	0,0
34,2	196,0
34,5	194,0
34,6	183,0
34,9	179,0
35,0	205,0
35,3	202,0
35,5	214,0
35,6	210,0
35,9	263,0
36,1	459,0
36,3	1262,0
36,4	1392,0
36,6	639,0
36,9	262,0
37,0	245,0
37,2	219,0
37,5	210,0
37,6	237,0
37,9	194,0
38,0	217,0
38,3	219,0
38,5	218,0
38,6	203,0
38,9	217,0
39,0	215,0
39,2	214,0
39,5	242,0
39,6	247,0
39,9	275,0
40,1	295,0
40,3	323,0
40,5	525,0
40,6	1411,0
40,9	5596,0
41,1	4715,0
41,3	937,0
41,4	366,0
41,6	285,0
41,9	246,0
42,0	211,0
42,2	195,0
42,4	202,0
42,6	178,0
42,9	171,0
43,0	176,0
43,2	170,0
43,5	177,0
43,6	174,0
43,9	187,0
44,0	167,0
