Ángulo del contad	Tasa con 35kV
2*theta/°	R(35kV)/Imp/s

34,0	283,0
34,2	293,0
34,5	271,0
34,6	265,0
34,9	277,0
35,0	304,0
35,3	308,0
35,5	307,0
35,6	315,0
35,9	391,0
36,1	645,0
36,3	1774,0
36,4	1959,0
36,6	1006,0
36,9	390,0
37,0	358,0
37,2	365,0
37,5	331,0
37,6	319,0
37,9	322,0
38,0	328,0
38,3	303,0
38,5	310,0
38,6	286,0
38,9	305,0
39,0	325,0
39,2	340,0
39,5	328,0
39,6	381,0
39,9	392,0
40,1	414,0
40,3	499,0
40,5	736,0
40,6	1843,0
40,9	7802,0
41,1	7372,0
41,3	1497,0
41,4	546,0
41,6	455,0
41,9	348,0
42,0	312,0
42,2	313,0
42,4	295,0
42,6	268,0
42,9	283,0
43,0	266,0
43,2	252,0
43,5	266,0
43,6	261,0
43,9	265,0
44,0	256,0
