
U1/V	IA/nA

0,02	0,31
0,04	0,30
0,07	0,29
0,09	0,32
0,12	0,30
0,14	0,31
0,17	0,30
0,19	0,32
0,21	0,31
0,24	0,32
0,26	0,28
0,29	0,30
0,31	0,29
0,34	0,30
0,36	0,29
0,39	0,31
0,41	0,30
0,43	0,31
0,46	0,28
0,48	0,29
0,51	0,29
0,53	0,29
0,56	0,29
0,58	0,27
0,61	0,26
0,63	0,27
0,65	0,26
0,68	0,28
0,70	0,29
0,73	0,28
0,75	0,28
0,78	0,28
0,80	0,30
0,83	0,31
0,85	0,30
0,87	0,29
0,90	0,29
0,92	0,29
0,95	0,32
0,97	0,30
1,00	0,30
1,02	0,31
1,05	0,32
1,07	0,30
1,09	0,32
1,12	0,28
1,14	0,30
1,17	0,29
1,19	0,29
1,22	0,28
1,24	0,30
1,26	0,29
1,29	0,35
1,31	0,33
1,34	0,34
1,36	0,32
1,39	0,36
1,41	0,35
1,44	0,37
1,46	0,32
1,48	0,36
1,51	0,34
1,53	0,36
1,56	0,32
1,58	0,34
1,61	0,30
1,63	0,33
1,66	0,29
1,68	0,31
1,70	0,26
1,73	0,28
1,75	0,26
1,78	0,29
1,80	0,27
1,83	0,29
1,85	0,26
1,88	0,31
1,90	0,30
1,92	0,31
1,95	0,29
1,97	0,31
2,00	0,29
2,02	0,32
2,05	0,30
2,07	0,29
2,10	0,27
2,12	0,28
2,14	0,28
2,17	0,30
2,19	0,28
2,22	0,31
2,24	0,30
2,27	0,32
2,29	0,31
2,31	0,31
2,34	0,30
2,36	0,32
2,39	0,30
2,41	0,32
2,44	0,30
2,46	0,29
2,49	0,31
2,51	0,31
2,53	0,31
2,56	0,30
2,58	0,29
2,61	0,30
2,63	0,33
2,66	0,30
2,68	0,31
2,71	0,30
2,73	0,31
2,75	0,33
2,78	0,33
2,80	0,31
2,83	0,33
2,85	0,31
2,88	0,34
2,90	0,31
2,93	0,32
2,95	0,33
2,97	0,34
3,00	0,30
3,02	0,31
3,05	0,27
3,07	0,30
3,10	0,25
3,12	0,26
3,15	0,26
3,17	0,26
3,19	0,26
3,22	0,30
3,24	0,28
3,27	0,32
3,29	0,29
3,32	0,32
3,34	0,32
3,36	0,34
3,39	0,30
3,41	0,32
3,44	0,29
3,46	0,32
3,49	0,31
3,51	0,32
3,54	0,29
3,56	0,32
3,58	0,30
3,61	0,33
3,63	0,30
3,66	0,31
3,68	0,30
3,71	0,32
3,73	0,31
3,76	0,32
3,78	0,29
3,80	0,30
3,83	0,28
3,85	0,30
3,88	0,29
3,90	0,28
3,93	0,28
3,95	0,31
3,98	0,31
4,00	0,31
4,02	0,31
4,05	0,33
4,07	0,35
4,10	0,34
4,12	0,33
4,15	0,31
4,17	0,33
4,20	0,32
4,22	0,34
4,24	0,33
4,27	0,33
4,29	0,32
4,32	0,34
4,34	0,35
4,37	0,36
4,39	0,31
4,42	0,33
4,44	0,31
4,46	0,34
4,49	0,32
4,51	0,33
4,54	0,31
4,56	0,33
4,59	0,31
4,61	0,35
4,63	0,31
4,66	0,34
4,68	0,32
4,71	0,34
4,73	0,33
4,76	0,36
4,78	0,34
4,81	0,40
4,83	0,36
4,85	0,38
4,88	0,37
4,90	0,39
4,93	0,36
4,95	0,41
4,98	0,37
5,00	0,40
5,03	0,39
5,05	0,41
5,07	0,39
5,10	0,41
5,12	0,37
5,15	0,40
5,17	0,38
5,20	0,39
5,22	0,37
5,25	0,39
5,27	0,38
5,29	0,41
5,32	0,40
5,34	0,42
5,37	0,41
5,39	0,43
5,42	0,43
5,44	0,46
5,47	0,46
5,49	0,47
5,51	0,47
5,54	0,49
5,56	0,47
5,59	0,47
5,61	0,47
5,64	0,45
5,66	0,45
5,68	0,47
5,71	0,47
5,73	0,49
5,76	0,50
5,78	0,50
5,81	0,52
5,83	0,52
5,86	0,53
5,88	0,53
5,90	0,52
5,93	0,51
5,95	0,52
5,98	0,51
6,00	0,53
6,03	0,52
6,05	0,54
6,08	0,56
6,10	0,57
6,12	0,56
6,15	0,60
6,17	0,60
6,20	0,63
6,22	0,62
6,25	0,63
6,27	0,62
6,30	0,66
6,32	0,63
6,34	0,66
6,37	0,63
6,39	0,65
6,42	0,66
6,44	0,70
6,47	0,70
6,49	0,72
6,52	0,72
6,54	0,78
6,56	0,76
6,59	0,77
6,61	0,77
6,64	0,78
6,66	0,77
6,69	0,81
6,71	0,78
6,73	0,83
6,76	0,82
6,78	0,84
6,81	0,85
6,83	0,88
6,86	0,86
6,88	0,91
6,91	0,90
6,93	0,92
6,95	0,92
6,98	0,94
7,00	0,94
7,03	0,96
7,05	0,93
7,08	0,95
7,10	0,96
7,13	0,97
7,15	0,99
7,17	1,01
7,20	1,02
7,22	1,05
7,25	1,06
7,27	1,10
7,30	1,10
7,32	1,09
7,35	1,09
7,37	1,07
7,39	1,07
7,42	1,09
7,44	1,08
7,47	1,09
7,49	1,09
7,52	1,09
7,54	1,14
7,57	1,16
7,59	1,17
7,61	1,19
7,64	1,20
7,66	1,22
7,69	1,24
7,71	1,22
7,74	1,24
7,76	1,22
7,78	1,22
7,81	1,24
7,83	1,25
7,86	1,25
7,88	1,29
7,91	1,28
7,93	1,32
7,96	1,30
7,98	1,32
8,00	1,31
8,03	1,34
8,05	1,30
8,08	1,33
8,10	1,30
8,13	1,33
8,15	1,32
8,18	1,34
8,20	1,31
8,22	1,34
8,25	1,29
8,27	1,36
8,30	1,33
8,32	1,35
8,35	1,35
8,37	1,39
8,40	1,38
8,42	1,43
8,44	1,39
8,47	1,40
8,49	1,39
8,52	1,38
8,54	1,36
8,57	1,37
8,59	1,34
8,62	1,37
8,64	1,37
8,66	1,39
8,69	1,38
8,71	1,38
8,74	1,40
8,76	1,40
8,79	1,39
8,81	1,39
8,84	1,37
8,86	1,38
8,88	1,37
8,91	1,36
8,93	1,39
8,96	1,39
8,98	1,39
9,01	1,42
9,03	1,41
9,05	1,41
9,08	1,44
9,10	1,44
9,13	1,44
9,15	1,44
9,18	1,42
9,20	1,42
9,23	1,44
9,25	1,41
9,27	1,42
9,30	1,40
9,32	1,41
9,35	1,42
9,37	1,43
9,40	1,41
9,42	1,42
9,45	1,39
9,47	1,43
9,49	1,42
9,52	1,43
9,54	1,44
9,57	1,44
9,59	1,43
9,62	1,45
9,64	1,42
9,67	1,43
9,69	1,40
9,71	1,42
9,74	1,42
9,76	1,44
9,79	1,43
9,81	1,47
9,84	1,45
9,86	1,50
9,89	1,47
9,91	1,49
9,93	1,47
9,96	1,51
9,98	1,48
10,01	1,52
10,03	1,49
10,06	1,52
10,08	1,52
10,10	1,55
10,13	1,51
10,15	1,54
10,18	1,52
10,20	1,59
10,23	1,60
10,25	1,61
10,28	1,59
10,30	1,62
10,32	1,62
10,35	1,64
10,37	1,63
10,40	1,65
10,42	1,64
10,45	1,67
10,47	1,71
10,50	1,74
10,52	1,75
10,54	1,78
10,57	1,78
10,59	1,82
10,62	1,84
10,64	1,84
10,67	1,86
10,69	1,87
10,72	1,87
10,74	1,90
10,76	1,89
10,79	1,93
10,81	1,96
10,84	1,96
10,86	1,99
10,89	1,99
10,91	2,02
10,94	2,08
10,96	2,10
10,98	2,10
11,01	2,14
11,03	2,14
11,06	2,17
11,08	2,19
11,11	2,20
11,13	2,21
11,15	2,25
11,18	2,27
11,20	2,34
11,23	2,36
11,25	2,41
11,28	2,44
11,30	2,49
11,33	2,51
11,35	2,57
11,37	2,58
11,40	2,64
11,42	2,66
11,45	2,72
11,47	2,74
11,50	2,78
11,52	2,78
11,55	2,84
11,57	2,85
11,59	2,92
11,62	2,92
11,64	2,99
11,67	3,06
11,69	3,13
11,72	3,15
11,74	3,21
11,77	3,23
11,79	3,30
11,81	3,31
11,84	3,33
11,86	3,36
11,89	3,43
11,91	3,45
11,94	3,51
11,96	3,52
11,99	3,58
12,01	3,61
12,03	3,66
12,06	3,69
12,08	3,71
12,11	3,73
12,13	3,79
12,16	3,81
12,18	3,84
12,21	3,87
12,23	3,86
12,25	3,88
12,28	3,91
12,30	3,92
12,33	3,94
12,35	3,97
12,38	3,97
12,40	4,04
12,42	4,06
12,45	4,06
12,47	4,07
12,50	4,06
12,52	4,04
12,55	4,04
12,57	4,01
12,60	4,03
12,62	4,03
12,64	4,04
12,67	4,05
12,69	4,08
12,72	4,07
12,74	4,08
12,77	4,06
12,79	4,07
12,82	4,07
12,84	4,08
12,86	4,05
12,89	4,07
12,91	4,05
12,94	4,07
12,96	4,01
12,99	4,00
13,01	3,96
13,04	3,96
13,06	3,92
13,08	3,92
13,11	3,87
13,13	3,92
13,16	3,88
13,18	3,89
13,21	3,86
13,23	3,85
13,26	3,82
13,28	3,83
13,30	3,77
13,33	3,78
13,35	3,72
13,38	3,71
13,40	3,69
13,43	3,69
13,45	3,63
13,47	3,61
13,50	3,55
13,52	3,56
13,55	3,53
13,57	3,52
13,60	3,48
13,62	3,47
13,65	3,44
13,67	3,45
13,69	3,41
13,72	3,40
13,74	3,35
13,77	3,34
13,79	3,33
13,82	3,32
13,84	3,29
13,87	3,32
13,89	3,29
13,91	3,30
13,94	3,27
13,96	3,26
13,99	3,24
14,01	3,24
14,04	3,21
14,06	3,21
14,09	3,18
14,11	3,17
14,13	3,19
14,16	3,19
14,18	3,18
14,21	3,17
14,23	3,17
14,26	3,16
14,28	3,17
14,31	3,15
14,33	3,16
14,35	3,14
14,38	3,14
14,40	3,14
14,43	3,15
14,45	3,12
14,48	3,15
14,50	3,13
14,52	3,15
14,55	3,16
14,57	3,18
14,60	3,22
14,62	3,27
14,65	3,26
14,67	3,30
14,70	3,29
14,72	3,32
14,74	3,32
14,77	3,35
14,79	3,34
14,82	3,36
14,84	3,38
14,87	3,43
14,89	3,44
14,92	3,48
14,94	3,48
14,96	3,52
14,99	3,56
15,01	3,59
15,04	3,58
15,06	3,63
15,09	3,64
15,11	3,70
15,14	3,74
15,16	3,75
15,18	3,77
15,21	3,84
15,23	3,87
15,26	3,93
15,28	3,95
15,31	4,02
15,33	4,08
15,36	4,15
15,38	4,20
15,40	4,27
15,43	4,31
15,45	4,39
15,48	4,43
15,50	4,49
15,53	4,56
15,55	4,62
15,57	4,68
15,60	4,76
15,62	4,81
15,65	4,86
15,67	4,93
15,70	4,97
15,72	5,05
15,75	5,11
15,77	5,17
15,79	5,23
15,82	5,33
15,84	5,40
15,87	5,52
15,89	5,56
15,92	5,65
15,94	5,73
15,97	5,83
15,99	5,90
16,01	6,00
16,04	6,03
16,06	6,15
16,09	6,23
16,11	6,32
16,14	6,38
16,16	6,49
16,19	6,55
16,21	6,66
16,23	6,76
16,26	6,87
16,28	6,93
16,31	7,07
16,33	7,17
16,36	7,29
16,38	7,36
16,41	7,47
16,43	7,56
16,45	7,70
16,48	7,77
16,50	7,87
16,53	7,98
16,55	8,13
16,58	8,22
16,60	8,37
16,63	8,45
16,65	8,58
16,67	8,70
16,70	8,81
16,72	8,89
16,75	8,99
16,77	9,05
16,80	9,17
16,82	9,26
16,84	9,35
16,87	9,42
16,89	9,53
16,92	9,62
16,94	9,73
16,97	9,81
16,99	9,89
17,02	9,93
17,04	10,01
17,06	10,07
17,09	10,14
17,11	10,15
17,14	10,18
17,16	10,20
17,19	10,25
17,21	10,27
17,24	10,29
17,26	10,30
17,28	10,31
17,31	10,31
17,33	10,32
17,36	10,30
17,38	10,29
17,41	10,28
17,43	10,24
17,46	10,22
17,48	10,20
17,50	10,17
17,53	10,15
17,55	10,12
17,58	10,06
17,60	10,01
17,63	9,94
17,65	9,90
17,68	9,82
17,70	9,76
17,72	9,67
17,75	9,59
17,77	9,51
17,80	9,48
17,82	9,38
17,85	9,32
17,87	9,23
17,89	9,17
17,92	9,09
17,94	9,02
17,97	8,89
17,99	8,81
18,02	8,67
18,04	8,59
18,07	8,47
18,09	8,40
18,11	8,29
18,14	8,23
18,16	8,11
18,19	8,08
18,21	7,97
18,24	7,89
18,26	7,76
18,29	7,67
18,31	7,55
18,33	7,50
18,36	7,39
18,38	7,32
18,41	7,22
18,43	7,16
18,46	7,09
18,48	7,03
18,51	6,93
18,53	6,87
18,55	6,77
18,58	6,71
18,60	6,63
18,63	6,56
18,65	6,49
18,68	6,43
18,70	6,34
18,73	6,30
18,75	6,23
18,77	6,19
18,80	6,15
18,82	6,11
18,85	6,06
18,87	6,03
18,90	5,99
18,92	5,99
18,94	5,95
18,97	5,89
18,99	5,86
19,02	5,83
19,04	5,82
19,07	5,81
19,09	5,78
19,12	5,76
19,14	5,75
19,16	5,72
19,19	5,75
19,21	5,72
19,24	5,71
19,26	5,72
19,29	5,74
19,31	5,75
19,34	5,79
19,36	5,78
19,38	5,84
19,41	5,85
19,43	5,87
19,46	5,90
19,48	5,95
19,51	5,96
19,53	6,03
19,56	6,04
19,58	6,10
19,60	6,12
19,63	6,17
19,65	6,20
19,68	6,27
19,70	6,29
19,73	6,38
19,75	6,41
19,78	6,50
19,80	6,56
19,82	6,64
19,85	6,68
19,87	6,76
19,90	6,82
19,92	6,93
19,95	6,98
19,97	7,06
19,99	7,16
20,02	7,27
20,04	7,37
20,07	7,47
20,09	7,53
20,12	7,65
20,14	7,75
20,17	7,84
20,19	7,92
20,21	8,01
20,24	8,10
20,26	8,24
20,29	8,35
20,31	8,45
20,34	8,55
20,36	8,68
20,39	8,83
20,41	8,96
20,43	9,08
20,46	9,22
20,48	9,36
20,51	9,49
20,53	9,61
20,56	9,72
20,58	9,85
20,61	9,95
20,63	10,09
20,65	10,19
20,68	10,35
20,70	10,50
20,73	10,69
20,75	10,84
20,78	11,04
20,80	11,17
20,83	11,37
20,85	11,52
20,87	11,72
20,90	11,83
20,92	12,00
20,95	12,13
20,97	12,32
21,00	12,50
21,02	12,68
21,05	12,82
21,07	13,02
21,09	13,20
21,12	13,43
21,14	13,61
21,17	13,78
21,19	13,97
21,22	14,19
21,24	14,34
21,26	14,53
21,29	14,68
21,31	14,86
21,34	15,04
21,36	15,23
21,39	15,40
21,41	15,62
21,44	15,83
21,46	16,08
21,48	16,29
21,51	16,53
21,53	16,75
21,56	17,00
21,58	17,19
21,61	17,39
21,63	17,54
21,66	17,73
21,68	17,90
21,70	18,08
21,73	18,25
21,75	18,44
21,78	18,61
21,80	18,81
21,83	18,97
21,85	19,16
21,88	19,33
21,90	19,46
21,92	19,61
21,95	19,73
21,97	19,83
22,00	19,94
22,02	20,00
22,05	20,04
22,07	20,09
22,10	20,14
22,12	20,21
22,14	20,24
22,17	20,27
22,19	20,31
22,22	20,34
22,24	20,33
22,27	20,32
22,29	20,29
22,31	20,25
22,34	20,20
22,36	20,13
22,39	20,05
22,41	19,97
22,44	19,84
22,46	19,76
22,49	19,62
22,51	19,49
22,53	19,32
22,56	19,18
22,58	19,05
22,61	18,92
22,63	18,73
22,66	18,60
22,68	18,41
22,71	18,28
22,73	18,10
22,75	17,94
22,78	17,73
22,80	17,55
22,83	17,31
22,85	17,14
22,88	16,90
22,90	16,69
22,93	16,46
22,95	16,27
22,97	16,04
23,00	15,89
23,02	15,66
23,05	15,47
23,07	15,26
23,10	15,06
23,12	14,84
23,15	14,64
23,17	14,37
23,19	14,19
23,22	13,95
23,24	13,77
23,27	13,54
23,29	13,33
23,32	13,13
23,34	12,97
23,36	12,76
23,39	12,62
23,41	12,40
23,44	12,24
23,46	12,10
23,49	11,94
23,51	11,76
23,54	11,61
23,56	11,44
23,58	11,33
23,61	11,19
23,63	11,05
23,66	10,96
23,68	10,86
23,71	10,75
23,73	10,68
23,76	10,58
23,78	10,50
23,80	10,43
23,83	10,34
23,85	10,28
23,88	10,21
23,90	10,15
23,93	10,09
23,95	10,06
23,98	10,03
24,00	9,99
24,02	9,95
24,05	9,98
24,07	9,96
24,10	9,97
24,12	9,97
24,15	9,97
24,17	9,97
24,20	9,99
24,22	9,98
24,24	10,03
24,27	10,04
24,29	10,08
24,32	10,13
24,34	10,21
24,37	10,27
24,39	10,37
24,42	10,39
24,44	10,48
24,46	10,53
24,49	10,60
24,51	10,66
24,54	10,74
24,56	10,80
24,59	10,91
24,61	10,98
24,63	11,13
24,66	11,25
24,68	11,40
24,71	11,53
24,73	11,67
24,76	11,78
24,78	11,96
24,81	12,07
24,83	12,20
24,85	12,30
24,88	12,41
24,90	12,56
24,93	12,74
24,95	12,87
24,98	13,05
25,00	13,22
25,03	13,41
25,05	13,62
25,07	13,77
25,10	13,93
25,12	14,12
25,15	14,28
25,17	14,45
25,20	14,63
25,22	14,79
25,25	15,01
25,27	15,21
25,29	15,42
25,32	15,64
25,34	15,87
25,37	16,10
25,39	16,37
25,42	16,52
25,44	16,76
25,47	16,93
25,49	17,15
25,51	17,39
25,54	17,61
25,56	17,78
25,59	18,07
25,61	18,28
25,64	18,57
25,66	18,83
25,68	19,09
25,71	19,34
25,73	19,65
25,76	19,91
25,78	20,19
25,81	20,40
25,83	20,64
25,86	20,89
25,88	21,15
25,90	21,39
25,93	21,64
25,95	21,92
25,98	22,25
26,00	22,56
26,03	22,85
26,05	23,18
26,08	23,47
26,10	23,79
26,12	24,08
26,15	24,34
26,17	24,62
26,20	24,92
26,22	25,18
26,25	25,52
26,27	25,81
26,30	26,14
26,32	26,47
26,34	26,79
26,37	27,13
26,39	27,45
26,42	27,74
26,44	28,06
26,47	28,33
26,49	28,61
26,52	28,90
26,54	29,15
26,56	29,42
26,59	29,70
26,61	29,99
26,64	30,32
26,66	30,62
26,69	30,91
26,71	31,22
26,73	31,52
26,76	31,80
26,78	32,05
26,81	32,25
26,83	32,47
26,86	32,65
26,88	32,82
26,91	32,98
26,93	33,14
26,95	33,26
26,98	33,44
27,00	33,56
27,03	33,70
27,05	33,81
27,08	33,90
27,10	33,94
27,13	34,00
27,15	34,00
27,17	34,05
27,20	34,02
27,22	34,02
27,25	33,99
27,27	33,95
27,30	33,90
27,32	33,85
27,35	33,73
27,37	33,66
27,39	33,51
27,42	33,38
27,44	33,23
27,47	33,09
27,49	32,89
27,52	32,77
27,54	32,56
27,57	32,43
27,59	32,22
27,61	32,04
27,64	31,82
27,66	31,63
27,69	31,35
27,71	31,16
27,74	30,83
27,76	30,58
27,78	30,26
27,81	29,92
27,83	29,56
27,86	29,30
27,88	28,95
27,91	28,70
27,93	28,34
27,96	28,03
27,98	27,74
28,00	27,46
28,03	27,07
28,05	26,68
28,08	26,26
28,10	25,93
28,13	25,55
28,15	25,20
28,18	24,78
28,20	24,40
28,22	24,08
28,25	23,79
28,27	23,44
28,30	23,16
28,32	22,83
28,35	22,56
28,37	22,30
28,40	22,00
28,42	21,67
28,44	21,40
28,47	21,08
28,49	20,81
28,52	20,52
28,54	20,23
28,57	19,98
28,59	19,78
28,62	19,56
28,64	19,37
28,66	19,16
28,69	18,97
28,71	18,84
28,74	18,67
28,76	18,49
28,79	18,32
28,81	18,18
28,84	18,04
28,86	17,95
28,88	17,82
28,91	17,74
28,93	17,64
28,96	17,58
28,98	17,51
29,01	17,46
29,03	17,39
29,05	17,36
29,08	17,31
29,10	17,32
29,13	17,30
29,15	17,32
29,18	17,34
29,20	17,39
29,23	17,41
29,25	17,47
29,27	17,47
29,30	17,53
29,32	17,57
29,35	17,65
29,37	17,69
29,40	17,76
29,42	17,84
29,45	18,01
29,47	18,13
29,49	18,28
29,52	18,41
29,54	18,58
29,57	18,76
29,59	18,93
29,62	19,03
29,64	19,19
29,67	19,33
29,69	19,50
29,71	19,69
29,74	19,84
29,76	20,01
29,79	20,24
29,81	20,45
29,84	20,69
29,86	20,93
29,89	21,15
29,91	21,39
29,93	21,64
29,96	21,87
29,98	22,09
30,01	22,32
30,03	22,52
30,06	22,76
30,08	23,01
30,10	23,29
30,13	23,54
30,15	23,85
30,18	24,13
30,20	24,48
30,23	24,76
30,25	25,11
30,28	25,41
30,30	25,74
30,32	25,99
30,35	26,28
30,37	26,55
30,40	26,87
30,42	27,14
30,45	27,47
30,47	27,78
30,50	28,18
30,52	28,56
30,54	28,93
30,57	29,30
30,59	29,69
30,62	30,04
30,64	30,47
30,67	30,77
30,69	31,08
30,72	31,41
30,74	31,78
30,76	32,13
30,79	32,50
30,81	32,85
30,84	33,28
30,86	33,69
30,89	34,12
30,91	34,57
30,94	34,97
30,96	35,40
30,98	35,85
31,01	36,24
31,03	36,66
31,06	37,07
31,08	37,43
31,11	37,85
31,13	38,26
31,15	38,63
31,18	39,12
31,20	39,58
31,23	40,03
31,25	40,50
31,28	40,96
31,30	41,45
31,33	41,92
31,35	42,30
31,37	42,73
31,40	43,15
31,42	43,55
31,45	43,98
31,47	44,33
31,50	44,75
31,52	45,24
31,55	45,68
31,57	46,13
31,59	46,56
31,62	46,96
31,64	47,42
31,67	47,84
31,69	48,23
31,72	48,57
31,74	48,92
31,77	49,24
31,79	49,51
31,81	49,70
31,84	49,81
31,86	49,89
31,89	49,98
31,91	50,00
31,94	50,00
31,96	50,00
31,99	50,00
32,01	50,00
32,03	50,00
32,06	50,00
32,08	50,00
32,11	50,00
32,13	50,00
32,16	50,00
32,18	50,00
32,20	50,00
32,23	50,00
32,25	50,00
32,28	50,00
32,30	50,00
32,33	50,00
32,35	50,00
32,38	50,00
32,40	50,00
32,42	50,00
32,45	50,00
32,47	50,00
32,50	50,00
32,52	50,00
32,55	50,00
32,57	50,00
32,60	50,00
32,62	50,00
32,64	50,00
32,67	50,00
32,69	50,00
32,72	49,99
32,74	49,97
32,77	49,95
32,79	49,85
32,82	49,66
32,84	49,44
32,86	49,13
32,89	48,80
32,91	48,41
32,94	47,94
32,96	47,49
32,99	47,03
33,01	46,56
33,04	46,11
33,06	45,59
33,08	45,09
33,11	44,67
33,13	44,24
33,16	43,82
33,18	43,40
33,21	42,97
33,23	42,56
33,26	42,16
33,28	41,71
33,30	41,25
33,33	40,79
33,35	40,32
33,38	39,87
33,40	39,42
33,43	38,96
33,45	38,51
33,47	38,10
33,50	37,73
33,52	37,31
33,55	36,90
33,57	36,51
33,60	36,09
33,62	35,69
33,65	35,30
33,67	34,90
33,69	34,54
33,72	34,16
33,74	33,81
33,77	33,55
33,79	33,26
33,82	33,01
33,84	32,75
33,87	32,56
33,89	32,35
33,91	32,19
33,94	32,00
33,96	31,85
33,99	31,68
34,01	31,54
34,04	31,37
34,06	31,30
34,09	31,15
34,11	31,10
34,13	31,01
34,16	30,94
34,18	30,85
34,21	30,85
34,23	30,81
34,26	30,83
34,28	30,78
34,31	30,84
34,33	30,85
34,35	30,92
34,38	30,98
34,40	31,05
34,43	31,15
34,45	31,26
34,48	31,36
34,50	31,48
34,52	31,62
34,55	31,73
34,57	31,91
34,60	32,08
34,62	32,26
34,65	32,43
34,67	32,64
34,70	32,84
34,72	33,09
34,74	33,31
34,77	33,58
34,79	33,83
34,82	34,15
34,84	34,43
34,87	34,72
34,89	35,00
34,92	35,28
34,94	35,51
34,96	35,85
34,99	36,11
35,01	36,46
35,04	36,80
35,06	37,18
35,09	37,51
35,11	37,94
35,14	38,28
35,16	38,70
35,18	39,02
35,21	39,39
35,23	39,73
35,26	40,18
35,28	40,52
35,31	40,96
35,33	41,29
35,36	41,74
35,38	42,19
35,40	42,65
35,43	43,09
35,45	43,55
35,48	44,00
35,50	44,53
35,53	45,04
35,55	45,48
35,57	45,97
35,60	46,40
35,62	46,87
35,65	47,32
35,67	47,78
35,70	48,26
35,72	48,73
35,75	49,10
35,77	49,43
35,79	49,69
35,82	49,89
35,84	49,98
35,87	50,00
35,89	50,00
35,92	50,00
35,94	50,00
35,97	50,00
35,99	50,00
36,01	50,00
36,04	50,00
36,06	50,00
36,09	50,00
36,11	50,00
36,14	50,00
36,16	50,00
36,19	50,00
36,21	50,00
36,23	50,00
36,26	50,00
36,28	50,00
36,31	50,00
36,33	50,00
36,36	50,00
36,38	50,00
36,41	50,00
36,43	50,00
36,45	50,00
36,48	50,00
36,50	50,00
36,53	50,00
36,55	50,00
36,58	50,00
36,60	50,00
36,62	50,00
36,65	50,00
36,67	50,00
36,70	50,00
36,72	50,00
36,75	50,00
36,77	50,00
36,80	50,00
36,82	50,00
36,84	50,00
36,87	50,00
36,89	50,00
36,92	50,00
36,94	50,00
36,97	50,00
36,99	50,00
37,02	50,00
37,04	50,00
37,06	50,00
37,09	50,00
37,11	50,00
37,14	50,00
37,16	50,00
37,19	50,00
37,21	50,00
37,24	50,00
37,26	50,00
37,28	50,00
37,31	50,00
37,33	50,00
37,36	50,00
37,38	50,00
37,41	50,00
37,43	50,00
37,46	50,00
37,48	50,00
37,50	50,00
37,53	50,00
37,55	50,00
37,58	50,00
37,60	50,00
37,63	50,00
37,65	50,00
37,68	50,00
37,70	50,00
37,72	50,00
37,75	50,00
37,77	50,00
37,80	50,00
37,82	50,00
37,85	50,00
37,87	50,00
37,89	50,00
37,92	50,00
37,94	50,00
37,97	50,00
37,99	50,00
38,02	50,00
38,04	50,00
38,07	50,00
38,09	50,00
38,11	50,00
38,14	50,00
38,16	50,00
38,19	50,00
38,21	50,00
38,24	50,00
38,26	50,00
38,29	50,00
38,31	50,00
38,33	50,00
38,36	50,00
38,38	50,00
38,41	50,00
38,43	50,00
38,46	50,00
38,48	50,00
38,51	50,00
38,53	50,00
38,55	50,00
38,58	50,00
38,60	50,00
38,63	50,00
38,65	50,00
38,68	50,00
38,70	50,00
38,73	50,00
38,75	50,00
38,77	50,00
38,80	50,00
38,82	50,00
38,85	50,00
38,87	50,00
38,90	50,00
38,92	50,00
38,94	50,00
38,97	50,00
38,99	50,00
39,02	50,00
39,04	50,00
39,07	50,00
39,09	50,00
39,12	50,00
39,14	50,00
39,16	50,00
39,19	50,00
39,21	50,00
39,24	50,00
39,26	50,00
39,29	50,00
39,31	50,00
39,34	50,00
39,36	50,00
39,38	50,00
39,41	50,00
39,43	50,00
39,46	50,00
39,48	50,00
39,51	50,00
39,53	50,00
39,56	50,00
39,58	50,00
39,60	50,00
39,63	50,00
39,65	50,00
39,68	50,00
39,70	50,00
39,73	50,00
39,75	50,00
39,78	50,00
39,80	50,00
39,82	50,00
39,85	50,00
39,87	50,00
39,90	50,00
39,92	50,00
39,95	50,00
39,97	50,00
39,99	50,00
40,02	50,00
40,04	50,00
40,07	50,00
40,09	50,00
40,12	50,00
40,14	50,00
40,17	50,00
40,19	50,00
40,21	50,00
40,24	50,00
40,26	50,00
40,29	50,00
40,31	50,00
40,34	50,00
40,36	50,00
40,39	50,00
40,41	50,00
40,43	50,00
40,46	50,00
40,48	50,00
40,51	50,00
40,53	50,00
40,56	50,00
40,58	50,00
40,61	50,00
40,63	50,00
40,65	50,00
40,68	50,00
40,70	50,00
40,73	50,00
40,75	50,00
40,78	50,00
40,80	50,00
40,83	50,00
40,85	50,00
40,87	50,00
40,90	50,00
40,92	50,00
40,95	50,00
40,97	50,00
41,00	50,00
41,02	50,00
41,05	50,00
41,07	50,00
41,09	50,00
41,12	50,00
41,14	50,00
41,17	50,00
41,19	50,00
41,22	50,00
41,24	50,00
41,26	50,00
41,29	50,00
41,31	50,00
41,34	50,00
41,36	50,00
41,39	50,00
41,41	50,00
41,44	50,00
41,46	50,00
41,48	50,00
41,51	50,00
41,53	50,00
41,56	50,00
41,58	50,00
41,61	50,00
41,63	50,00
41,66	50,00
41,68	50,00
41,70	50,00
41,73	50,00
41,75	50,00
41,78	50,00
41,80	50,00
41,83	50,00
41,85	50,00
41,88	50,00
41,90	50,00
41,92	50,00
41,95	50,00
41,97	50,00
42,00	50,00
42,02	50,00
42,05	50,00
42,07	50,00
42,10	50,00
42,12	50,00
42,14	50,00
42,17	50,00
42,19	50,00
42,22	50,00
42,24	50,00
42,27	50,00
42,29	50,00
42,31	50,00
42,34	50,00
42,36	50,00
42,39	50,00
42,41	50,00
42,44	50,00
42,46	50,00
42,49	50,00
42,51	50,00
42,53	50,00
42,56	50,00
42,58	50,00
42,61	50,00
42,63	50,00
42,66	50,00
42,68	50,00
42,71	50,00
42,73	50,00
42,75	50,00
42,78	50,00
42,80	50,00
42,83	50,00
42,85	50,00
42,88	50,00
42,90	50,00
42,93	50,00
42,95	50,00
42,97	50,00
43,00	50,00
43,02	50,00
43,05	50,00
43,07	50,00
43,10	50,00
43,12	50,00
43,15	50,00
43,17	50,00
43,19	50,00
43,22	50,00
43,24	50,00
43,27	50,00
43,29	50,00
43,32	50,00
43,34	50,00
43,36	50,00
43,39	50,00
43,41	50,00
43,44	50,00
43,46	50,00
43,49	50,00
43,51	50,00
43,54	50,00
43,56	50,00
43,58	50,00
43,61	50,00
43,63	50,00
43,66	50,00
43,68	50,00
43,71	50,00
43,73	50,00
43,76	50,00
43,78	50,00
43,80	50,00
43,83	50,00
43,85	50,00
43,88	50,00
43,90	50,00
43,93	50,00
43,95	50,00
43,98	50,00
44,00	50,00
44,02	50,00
44,05	50,00
44,07	50,00
44,10	50,00
44,12	50,00
44,15	50,00
44,17	50,00
44,20	50,00
44,22	50,00
44,24	50,00
44,27	50,00
44,29	50,00
44,32	50,00
44,34	50,00
44,37	50,00
44,39	50,00
44,41	50,00
44,44	50,00
44,46	50,00
44,49	50,00
44,51	50,00
44,54	50,00
44,56	50,00
44,59	50,00
44,61	50,00
44,63	50,00
44,66	50,00
44,68	50,00
44,71	50,00
44,73	50,00
44,76	50,00
44,78	50,00
44,81	50,00
44,83	50,00
44,85	50,00
44,88	50,00
44,90	50,00
44,93	50,00
44,95	50,00
44,98	50,00
45,00	50,00
45,03	50,00
45,05	50,00
45,07	50,00
45,10	50,00
45,12	50,00
45,15	50,00
45,17	50,00
45,20	50,00
45,22	50,00
45,25	50,00
45,27	50,00
45,29	50,00
45,32	50,00
45,34	50,00
45,37	50,00
45,39	50,00
45,42	50,00
45,44	50,00
45,47	50,00
45,49	50,00
45,51	50,00
45,54	50,00
45,56	50,00
45,59	50,00
45,61	50,00
45,64	50,00
45,66	50,00
45,68	50,00
45,71	50,00
45,73	50,00
45,76	50,00
45,78	50,00
45,81	50,00
45,83	50,00
45,86	50,00
45,88	50,00
45,90	50,00
45,93	50,00
45,95	50,00
45,98	50,00
46,00	50,00
46,03	50,00
46,05	50,00
46,08	50,00
46,10	50,00
46,12	50,00
46,15	50,00
46,17	50,00
46,20	50,00
46,22	50,00
46,25	50,00
46,27	50,00
46,30	50,00
46,32	50,00
46,34	50,00
46,37	50,00
46,39	50,00
46,42	50,00
46,44	50,00
46,47	50,00
46,49	50,00
46,52	50,00
46,54	50,00
46,56	50,00
46,59	50,00
46,61	50,00
46,64	50,00
46,66	50,00
46,69	50,00
46,71	50,00
46,73	50,00
46,76	50,00
46,78	50,00
46,81	50,00
46,83	50,00
46,86	50,00
46,88	50,00
46,91	50,00
46,93	50,00
46,95	50,00
46,98	50,00
47,00	50,00
47,03	50,00
47,05	50,00
47,08	50,00
47,10	50,00
47,13	50,00
47,15	50,00
47,17	50,00
47,20	50,00
47,22	50,00
47,25	50,00
47,27	50,00
47,30	50,00
47,32	50,00
47,35	50,00
47,37	50,00
47,39	50,00
47,42	50,00
47,44	50,00
47,47	50,00
47,49	50,00
47,52	50,00
47,54	50,00
47,57	50,00
47,59	50,00
47,61	50,00
47,64	50,00
47,66	50,00
47,69	50,00
47,71	50,00
47,74	50,00
47,76	50,00
47,78	50,00
47,81	50,00
47,83	50,00
47,86	50,00
47,88	50,00
47,91	50,00
47,93	50,00
47,96	50,00
47,98	50,00
48,00	50,00
48,03	50,00
48,05	50,00
48,08	50,00
48,10	50,00
48,13	50,00
48,15	50,00
48,18	50,00
48,20	50,00
48,22	50,00
48,25	50,00
48,27	50,00
48,30	50,00
48,32	50,00
48,35	50,00
48,37	50,00
48,40	50,00
48,42	50,00
48,44	50,00
48,47	50,00
48,49	50,00
48,52	50,00
48,54	50,00
48,57	50,00
48,59	50,00
48,62	50,00
48,64	50,00
48,66	50,00
48,69	50,00
48,71	50,00
48,74	50,00
48,76	50,00
48,79	50,00
48,81	50,00
48,84	50,00
48,86	50,00
48,88	50,00
48,91	50,00
48,93	50,00
48,96	50,00
48,98	50,00
49,01	50,00
49,03	50,00
49,05	50,00
49,08	50,00
49,10	50,00
49,13	50,00
49,15	50,00
49,18	50,00
49,20	50,00
49,23	50,00
49,25	50,00
49,27	50,00
49,30	50,00
49,32	50,00
49,35	50,00
49,37	50,00
49,40	50,00
49,42	50,00
49,45	50,00
49,47	50,00
49,49	50,00
49,52	50,00
49,54	50,00
49,57	50,00
49,59	50,00
49,62	50,00
49,64	50,00
49,67	50,00
49,69	50,00
49,71	50,00
49,74	50,00
49,76	50,00
49,79	50,00
49,81	50,00
49,84	50,00
49,86	50,00
49,89	50,00
49,91	50,00
49,93	50,00
49,96	50,00
49,98	50,00
50,01	50,00
50,03	50,00
50,06	50,00
50,08	50,00
50,10	50,00
50,13	50,00
50,15	50,00
50,18	50,00
50,20	50,00
50,23	50,00
50,25	50,00
50,28	50,00
50,30	50,00
50,32	50,00
50,35	50,00
50,37	50,00
50,40	50,00
50,42	50,00
50,45	50,00
50,47	50,00
50,50	50,00
50,52	50,00
50,54	50,00
50,57	50,00
50,59	50,00
50,62	50,00
50,64	50,00
50,67	50,00
50,69	50,00
50,72	50,00
50,74	50,00
50,76	50,00
50,79	50,00
50,81	50,00
50,84	50,00
50,86	50,00
50,89	50,00
50,91	50,00
50,94	50,00
50,96	50,00
50,98	50,00
51,01	50,00
51,03	50,00
51,06	50,00
51,08	50,00
51,11	50,00
51,13	50,00
51,15	50,00
51,18	50,00
51,20	50,00
51,23	50,00
51,25	50,00
51,28	50,00
51,30	50,00
51,33	50,00
51,35	50,00
51,37	50,00
51,40	50,00
51,42	50,00
51,45	50,00
51,47	50,00
51,50	50,00
51,52	50,00
51,55	50,00
51,57	50,00
51,59	50,00
51,62	50,00
51,64	50,00
51,67	50,00
51,69	50,00
51,72	50,00
51,74	50,00
51,77	50,00
51,79	50,00
51,81	50,00
51,84	50,00
51,86	50,00
51,89	50,00
51,91	50,00
51,94	50,00
51,96	50,00
51,99	50,00
52,01	50,00
52,03	50,00
52,06	50,00
52,08	50,00
52,11	50,00
52,13	50,00
52,16	50,00
52,18	50,00
52,20	50,00
52,23	50,00
52,25	50,00
52,28	50,00
52,30	50,00
52,33	50,00
52,35	50,00
52,38	50,00
52,40	50,00
52,42	50,00
52,45	50,00
52,47	50,00
52,50	50,00
52,52	50,00
52,55	50,00
52,57	50,00
52,60	50,00
52,62	50,00
52,64	50,00
52,67	50,00
52,69	50,00
52,72	50,00
52,74	50,00
52,77	50,00
52,79	50,00
52,82	50,00
52,84	50,00
52,86	50,00
52,89	50,00
52,91	50,00
52,94	50,00
52,96	50,00
52,99	50,00
53,01	50,00
53,04	50,00
53,06	50,00
53,08	50,00
53,11	50,00
53,13	50,00
53,16	50,00
53,18	50,00
53,21	50,00
53,23	50,00
53,26	50,00
53,28	50,00
53,30	50,00
53,33	50,00
53,35	50,00
53,38	50,00
53,40	50,00
53,43	50,00
53,45	50,00
53,47	50,00
53,50	50,00
53,52	50,00
53,55	50,00
53,57	50,00
53,60	50,00
53,62	50,00
53,65	50,00
53,67	50,00
53,69	50,00
53,72	50,00
53,74	50,00
53,77	50,00
53,79	50,00
53,82	50,00
53,84	50,00
53,87	50,00
53,89	50,00
53,91	50,00
53,94	50,00
53,96	50,00
53,99	50,00
54,01	50,00
54,04	50,00
54,06	50,00
54,09	50,00
54,11	50,00
54,13	50,00
54,16	50,00
54,18	50,00
54,21	50,00
54,23	50,00
54,26	50,00
54,28	50,00
54,31	50,00
54,33	50,00
54,35	50,00
54,38	50,00
54,40	50,00
54,43	50,00
54,45	50,00
54,48	50,00
54,50	50,00
54,52	50,00
54,55	50,00
54,57	50,00
54,60	50,00
54,62	50,00
54,65	50,00
54,67	50,00
54,70	50,00
54,72	50,00
54,74	50,00
54,77	50,00
54,79	50,00
54,82	50,00
54,84	50,00
54,87	50,00
54,89	50,00
54,92	50,00
54,94	50,00
54,96	50,00
54,99	50,00
55,01	50,00
55,04	50,00
55,06	50,00
55,09	50,00
55,11	50,00
55,14	50,00
55,16	50,00
55,18	50,00
55,21	50,00
55,23	50,00
55,26	50,00
55,28	50,00
55,31	50,00
55,33	50,00
55,36	50,00
55,38	50,00
55,40	50,00
55,43	50,00
55,45	50,00
55,48	50,00
55,50	50,00
55,53	50,00
55,55	50,00
55,57	50,00
55,60	50,00
55,62	50,00
55,65	50,00
55,67	50,00
55,70	50,00
55,72	50,00
55,75	50,00
55,77	50,00
55,79	50,00
55,82	50,00
55,84	50,00
55,87	50,00
55,89	50,00
55,92	50,00
55,94	50,00
55,97	50,00
55,99	50,00
56,01	50,00
56,04	50,00
56,06	50,00
56,09	50,00
56,11	50,00
56,14	50,00
56,16	50,00
56,19	50,00
56,21	50,00
56,23	50,00
56,26	50,00
56,28	50,00
56,31	50,00
