Voltage U1	Corriente IA
U1/V	IA/nA

0,02	0,31
0,04	0,32
0,07	0,33
0,09	0,35
0,12	0,37
0,14	0,33
0,17	0,35
0,19	0,34
0,21	0,34
0,24	0,32
0,26	0,33
0,29	0,29
0,31	0,31
0,34	0,29
0,36	0,33
0,39	0,31
0,41	0,34
0,43	0,33
0,46	0,37
0,48	0,35
0,51	0,36
0,53	0,31
0,56	0,33
0,58	0,31
0,61	0,30
0,63	0,29
0,65	0,31
0,68	0,29
0,70	0,35
0,73	0,34
0,75	0,34
0,78	0,35
0,80	0,35
0,83	0,36
0,85	0,37
0,87	0,35
0,90	0,36
0,92	0,33
0,95	0,32
0,97	0,30
1,00	0,29
1,02	0,28
1,05	0,28
1,07	0,27
1,09	0,29
1,12	0,31
1,14	0,30
1,17	0,33
1,19	0,33
1,22	0,34
1,24	0,34
1,26	0,33
1,29	0,32
1,31	0,34
1,34	0,31
1,36	0,33
1,39	0,30
1,41	0,31
1,44	0,30
1,46	0,31
1,48	0,29
1,51	0,32
1,53	0,29
1,56	0,32
1,58	0,31
1,61	0,34
1,63	0,32
1,66	0,34
1,68	0,30
1,70	0,32
1,73	0,28
1,75	0,31
1,78	0,26
1,80	0,29
1,83	0,26
1,85	0,30
1,88	0,27
1,90	0,33
1,92	0,30
1,95	0,35
1,97	0,31
2,00	0,32
2,02	0,29
2,05	0,32
2,07	0,26
2,10	0,28
2,12	0,25
2,14	0,28
2,17	0,27
2,19	0,28
2,22	0,25
2,24	0,28
2,27	0,27
2,29	0,31
2,31	0,29
2,34	0,30
2,36	0,30
2,39	0,30
2,41	0,29
2,44	0,30
2,46	0,29
2,49	0,30
2,51	0,28
2,53	0,30
2,56	0,31
2,58	0,33
2,61	0,32
2,63	0,33
2,66	0,32
2,68	0,34
2,71	0,34
2,73	0,33
2,75	0,33
2,78	0,31
2,80	0,29
2,83	0,28
2,85	0,29
2,88	0,28
2,90	0,30
2,93	0,28
2,95	0,31
2,97	0,31
3,00	0,33
3,02	0,34
3,05	0,33
3,07	0,31
3,10	0,32
3,12	0,28
3,15	0,30
3,17	0,29
3,19	0,29
3,22	0,28
3,24	0,29
3,27	0,28
3,29	0,34
3,32	0,32
3,34	0,33
3,36	0,31
3,39	0,32
3,41	0,31
3,44	0,33
3,46	0,28
3,49	0,31
3,51	0,29
3,54	0,31
3,56	0,29
3,58	0,30
3,61	0,27
3,63	0,30
3,66	0,28
3,68	0,31
3,71	0,30
3,73	0,31
3,76	0,33
3,78	0,36
3,80	0,34
3,83	0,36
3,85	0,33
3,88	0,33
3,90	0,32
3,93	0,31
3,95	0,31
3,98	0,31
4,00	0,30
4,02	0,34
4,05	0,33
4,07	0,35
4,10	0,35
4,12	0,36
4,15	0,37
4,17	0,38
4,20	0,36
4,22	0,36
4,24	0,35
4,27	0,34
4,29	0,34
4,32	0,31
4,34	0,30
4,37	0,30
4,39	0,32
4,42	0,33
4,44	0,34
4,46	0,31
4,49	0,37
4,51	0,36
4,54	0,38
4,56	0,36
4,59	0,34
4,61	0,33
4,63	0,36
4,66	0,33
4,68	0,36
4,71	0,34
4,73	0,36
4,76	0,36
4,78	0,38
4,81	0,34
4,83	0,37
4,85	0,33
4,88	0,35
4,90	0,33
4,93	0,35
4,95	0,32
4,98	0,36
5,00	0,34
5,03	0,38
5,05	0,35
5,07	0,37
5,10	0,35
5,12	0,40
5,15	0,37
5,17	0,39
5,20	0,37
5,22	0,44
5,25	0,42
5,27	0,44
5,29	0,43
5,32	0,45
5,34	0,44
5,37	0,46
5,39	0,41
5,42	0,43
5,44	0,41
5,47	0,41
5,49	0,41
5,51	0,44
5,54	0,43
5,56	0,43
5,59	0,41
5,61	0,44
5,64	0,44
5,66	0,45
5,68	0,43
5,71	0,44
5,73	0,45
5,76	0,48
5,78	0,46
5,81	0,49
5,83	0,50
5,86	0,50
5,88	0,51
5,90	0,51
5,93	0,51
5,95	0,56
5,98	0,56
6,00	0,56
6,03	0,56
6,05	0,54
6,08	0,57
6,10	0,56
6,12	0,55
6,15	0,53
6,17	0,54
6,20	0,53
6,22	0,58
6,25	0,58
6,27	0,59
6,30	0,59
6,32	0,62
6,34	0,61
6,37	0,66
6,39	0,64
6,42	0,66
6,44	0,64
6,47	0,67
6,49	0,66
6,52	0,69
6,54	0,67
6,56	0,71
6,59	0,68
6,61	0,72
6,64	0,70
6,66	0,73
6,69	0,75
6,71	0,77
6,73	0,74
6,76	0,80
6,78	0,78
6,81	0,81
6,83	0,79
6,86	0,78
6,88	0,79
6,91	0,81
6,93	0,78
6,95	0,81
6,98	0,81
7,00	0,82
7,03	0,83
7,05	0,85
7,08	0,86
7,10	0,89
7,13	0,87
7,15	0,89
7,17	0,89
7,20	0,91
7,22	0,91
7,25	0,91
7,27	0,90
7,30	0,93
7,32	0,93
7,35	0,97
7,37	0,96
7,39	0,97
7,42	0,99
7,44	0,99
7,47	1,00
7,49	1,02
7,52	1,03
7,54	1,03
7,57	1,03
7,59	1,03
7,61	1,05
7,64	1,02
7,66	1,03
7,69	1,04
7,71	1,07
7,74	1,06
7,76	1,07
7,78	1,07
7,81	1,10
7,83	1,09
7,86	1,08
7,88	1,07
7,91	1,10
7,93	1,09
7,96	1,14
7,98	1,11
8,00	1,14
8,03	1,13
8,05	1,15
8,08	1,14
8,10	1,17
8,13	1,12
8,15	1,17
8,18	1,15
8,20	1,17
8,22	1,16
8,25	1,20
8,27	1,17
8,30	1,20
8,32	1,20
8,35	1,24
8,37	1,19
8,40	1,22
8,42	1,21
8,44	1,24
8,47	1,23
8,49	1,23
8,52	1,18
8,54	1,21
8,57	1,20
8,59	1,21
8,62	1,20
8,64	1,22
8,66	1,21
8,69	1,25
8,71	1,26
8,74	1,26
8,76	1,26
8,79	1,26
8,81	1,24
8,84	1,25
8,86	1,23
8,88	1,24
8,91	1,24
8,93	1,23
8,96	1,23
8,98	1,24
9,01	1,23
9,03	1,23
9,05	1,24
9,08	1,23
9,10	1,20
9,13	1,19
9,15	1,22
9,18	1,21
9,20	1,23
9,23	1,21
9,25	1,22
9,27	1,24
9,30	1,26
9,32	1,23
9,35	1,25
9,37	1,24
9,40	1,25
9,42	1,26
9,45	1,28
9,47	1,26
9,49	1,30
9,52	1,27
9,54	1,30
9,57	1,29
9,59	1,30
9,62	1,28
9,64	1,30
9,67	1,26
9,69	1,30
9,71	1,27
9,74	1,29
9,76	1,28
9,79	1,32
9,81	1,31
9,84	1,31
9,86	1,28
9,89	1,33
9,91	1,28
9,93	1,32
9,96	1,28
9,98	1,30
10,01	1,32
10,03	1,35
10,06	1,30
10,08	1,33
10,10	1,31
10,13	1,34
10,15	1,35
10,18	1,37
10,20	1,36
10,23	1,41
10,25	1,41
10,28	1,44
10,30	1,44
10,32	1,44
10,35	1,44
10,37	1,46
10,40	1,45
10,42	1,48
10,45	1,47
10,47	1,48
10,50	1,47
10,52	1,49
10,54	1,49
10,57	1,50
10,59	1,51
10,62	1,53
10,64	1,54
10,67	1,57
10,69	1,59
10,72	1,61
10,74	1,65
10,76	1,65
10,79	1,64
10,81	1,66
10,84	1,68
10,86	1,68
10,89	1,73
10,91	1,71
10,94	1,75
10,96	1,77
10,98	1,81
11,01	1,84
11,03	1,89
11,06	1,88
11,08	1,93
11,11	1,93
11,13	1,97
11,15	1,97
11,18	2,00
11,20	1,99
11,23	2,03
11,25	2,02
11,28	2,08
11,30	2,08
11,33	2,12
11,35	2,14
11,37	2,19
11,40	2,19
11,42	2,28
11,45	2,29
11,47	2,36
11,50	2,38
11,52	2,43
11,55	2,44
11,57	2,50
11,59	2,50
11,62	2,57
11,64	2,60
11,67	2,67
11,69	2,69
11,72	2,73
11,74	2,76
11,77	2,83
11,79	2,82
11,81	2,87
11,84	2,85
11,86	2,88
11,89	2,90
11,91	2,92
11,94	2,93
11,96	2,97
11,99	2,97
12,01	3,02
12,03	3,04
12,06	3,07
12,08	3,10
12,11	3,12
12,13	3,14
12,16	3,17
12,18	3,18
12,21	3,20
12,23	3,23
12,25	3,24
12,28	3,28
12,30	3,28
12,33	3,30
12,35	3,33
12,38	3,35
12,40	3,36
12,42	3,36
12,45	3,35
12,47	3,39
12,50	3,37
12,52	3,38
12,55	3,38
12,57	3,38
12,60	3,38
12,62	3,40
12,64	3,37
12,67	3,40
12,69	3,38
12,72	3,39
12,74	3,37
12,77	3,38
12,79	3,34
12,82	3,38
12,84	3,34
12,86	3,35
12,89	3,33
12,91	3,34
12,94	3,31
12,96	3,34
12,99	3,29
13,01	3,32
13,04	3,29
13,06	3,28
13,08	3,27
13,11	3,30
13,13	3,25
13,16	3,25
13,18	3,19
13,21	3,22
13,23	3,19
13,26	3,17
13,28	3,12
13,30	3,11
13,33	3,09
13,35	3,12
13,38	3,09
13,40	3,07
13,43	3,03
13,45	3,02
13,47	3,00
13,50	2,99
13,52	2,94
13,55	2,94
13,57	2,91
13,60	2,89
13,62	2,88
13,65	2,88
13,67	2,85
13,69	2,85
13,72	2,81
13,74	2,80
13,77	2,79
13,79	2,78
13,82	2,77
13,84	2,76
13,87	2,74
13,89	2,73
13,91	2,72
13,94	2,73
13,96	2,73
13,99	2,69
14,01	2,69
14,04	2,67
14,06	2,67
14,09	2,66
14,11	2,65
14,13	2,63
14,16	2,63
14,18	2,62
14,21	2,63
14,23	2,60
14,26	2,63
14,28	2,62
14,31	2,64
14,33	2,63
14,35	2,66
14,38	2,65
14,40	2,68
14,43	2,65
14,45	2,65
14,48	2,64
14,50	2,66
14,52	2,65
14,55	2,70
14,57	2,70
14,60	2,74
14,62	2,74
14,65	2,76
14,67	2,76
14,70	2,79
14,72	2,74
14,74	2,77
14,77	2,75
14,79	2,79
14,82	2,79
14,84	2,82
14,87	2,82
14,89	2,87
14,92	2,88
14,94	2,94
14,96	2,92
14,99	2,95
15,01	2,98
15,04	3,02
15,06	3,03
15,09	3,07
15,11	3,08
15,14	3,15
15,16	3,17
15,18	3,20
15,21	3,24
15,23	3,30
15,26	3,31
15,28	3,36
15,31	3,40
15,33	3,47
15,36	3,51
15,38	3,53
15,40	3,58
15,43	3,64
15,45	3,68
15,48	3,74
15,50	3,77
15,53	3,80
15,55	3,86
15,57	3,89
15,60	3,95
15,62	4,00
15,65	4,04
15,67	4,09
15,70	4,16
15,72	4,20
15,75	4,29
15,77	4,33
15,79	4,41
15,82	4,46
15,84	4,55
15,87	4,62
15,89	4,70
15,92	4,73
15,94	4,82
15,97	4,85
15,99	4,95
16,01	5,01
16,04	5,07
16,06	5,12
16,09	5,21
16,11	5,26
16,14	5,38
16,16	5,42
16,19	5,51
16,21	5,58
16,23	5,67
16,26	5,72
16,28	5,81
16,31	5,87
16,33	5,98
16,36	6,03
16,38	6,13
16,41	6,21
16,43	6,32
16,45	6,39
16,48	6,51
16,50	6,56
16,53	6,66
16,55	6,75
16,58	6,86
16,60	6,95
16,63	7,05
16,65	7,10
16,67	7,23
16,70	7,30
16,72	7,36
16,75	7,43
16,77	7,50
16,80	7,56
16,82	7,65
16,84	7,69
16,87	7,80
16,89	7,86
16,92	7,92
16,94	7,98
16,97	8,02
16,99	8,07
17,02	8,13
17,04	8,16
17,06	8,21
17,09	8,24
17,11	8,26
17,14	8,31
17,16	8,31
17,19	8,34
17,21	8,35
17,24	8,35
17,26	8,34
17,28	8,36
17,31	8,33
17,33	8,34
17,36	8,30
17,38	8,26
17,41	8,26
17,43	8,24
17,46	8,19
17,48	8,18
17,50	8,12
17,53	8,10
17,55	8,06
17,58	8,02
17,60	7,99
17,63	7,95
17,65	7,88
17,68	7,84
17,70	7,73
17,72	7,69
17,75	7,61
17,77	7,55
17,80	7,47
17,82	7,42
17,85	7,33
17,87	7,33
17,89	7,24
17,92	7,18
17,94	7,10
17,97	7,05
17,99	6,95
18,02	6,91
18,04	6,79
18,07	6,73
18,09	6,64
18,11	6,58
18,14	6,49
18,16	6,43
18,19	6,32
18,21	6,27
18,24	6,20
18,26	6,14
18,29	6,04
18,31	5,98
18,33	5,91
18,36	5,84
18,38	5,76
18,41	5,71
18,43	5,60
18,46	5,54
18,48	5,46
18,51	5,38
18,53	5,35
18,55	5,29
18,58	5,22
18,60	5,21
18,63	5,15
18,65	5,11
18,68	5,09
18,70	5,03
18,73	4,99
18,75	4,96
18,77	4,91
18,80	4,87
18,82	4,85
18,85	4,82
18,87	4,81
18,90	4,76
18,92	4,75
18,94	4,72
18,97	4,71
18,99	4,69
19,02	4,68
19,04	4,64
19,07	4,69
19,09	4,66
19,12	4,67
19,14	4,66
19,16	4,64
19,19	4,62
19,21	4,64
19,24	4,60
19,26	4,64
19,29	4,61
19,31	4,63
19,34	4,65
19,36	4,69
19,38	4,69
19,41	4,75
19,43	4,75
19,46	4,80
19,48	4,82
19,51	4,86
19,53	4,88
19,56	4,93
19,58	4,93
19,60	5,01
19,63	5,02
19,65	5,09
19,68	5,12
19,70	5,18
19,73	5,20
19,75	5,29
19,78	5,30
19,80	5,42
19,82	5,46
19,85	5,51
19,87	5,55
19,90	5,61
19,92	5,65
19,95	5,72
19,97	5,75
19,99	5,84
20,02	5,90
20,04	6,00
20,07	6,10
20,09	6,19
20,12	6,28
20,14	6,39
20,17	6,47
20,19	6,56
20,21	6,65
20,24	6,74
20,26	6,83
20,29	6,90
20,31	6,98
20,34	7,07
20,36	7,16
20,39	7,26
20,41	7,39
20,43	7,48
20,46	7,62
20,48	7,73
20,51	7,86
20,53	8,00
20,56	8,12
20,58	8,18
20,61	8,30
20,63	8,40
20,65	8,54
20,68	8,63
20,70	8,76
20,73	8,87
20,75	9,02
20,78	9,14
20,80	9,30
20,83	9,42
20,85	9,58
20,87	9,71
20,90	9,87
20,92	10,00
20,95	10,14
20,97	10,26
21,00	10,40
21,02	10,52
21,05	10,65
21,07	10,80
21,09	10,95
21,12	11,10
21,14	11,28
21,17	11,45
21,19	11,63
21,22	11,81
21,24	11,96
21,26	12,14
21,29	12,29
21,31	12,43
21,34	12,59
21,36	12,73
21,39	12,90
21,41	13,06
21,44	13,23
21,46	13,42
21,48	13,61
21,51	13,77
21,53	13,97
21,56	14,12
21,58	14,28
21,61	14,42
21,63	14,57
21,66	14,69
21,68	14,83
21,70	14,94
21,73	15,07
21,75	15,22
21,78	15,36
21,80	15,50
21,83	15,59
21,85	15,72
21,88	15,80
21,90	15,90
21,92	15,98
21,95	16,04
21,97	16,06
22,00	16,13
22,02	16,16
22,05	16,21
22,07	16,21
22,10	16,22
22,12	16,21
22,14	16,22
22,17	16,19
22,19	16,18
22,22	16,11
22,24	16,07
22,27	16,01
22,29	15,96
22,31	15,87
22,34	15,83
22,36	15,73
22,39	15,66
22,41	15,56
22,44	15,47
22,46	15,31
22,49	15,21
22,51	15,05
22,53	14,94
22,56	14,77
22,58	14,63
22,61	14,44
22,63	14,36
22,66	14,19
22,68	14,05
22,71	13,86
22,73	13,73
22,75	13,54
22,78	13,42
22,80	13,20
22,83	13,03
22,85	12,82
22,88	12,67
22,90	12,45
22,93	12,29
22,95	12,04
22,97	11,90
23,00	11,72
23,02	11,59
23,05	11,40
23,07	11,25
23,10	11,07
23,12	10,96
23,15	10,77
23,17	10,60
23,19	10,41
23,22	10,24
23,24	10,06
23,27	9,92
23,29	9,75
23,32	9,62
23,34	9,48
23,36	9,36
23,39	9,24
23,41	9,13
23,44	9,03
23,46	8,94
23,49	8,83
23,51	8,73
23,54	8,61
23,56	8,52
23,58	8,42
23,61	8,32
23,63	8,23
23,66	8,16
23,68	8,06
23,71	8,01
23,73	7,96
23,76	7,91
23,78	7,87
23,80	7,82
23,83	7,78
23,85	7,75
23,88	7,73
23,90	7,69
23,93	7,69
23,95	7,65
23,98	7,65
24,00	7,66
24,02	7,68
24,05	7,66
24,07	7,68
24,10	7,66
24,12	7,69
24,15	7,70
24,17	7,72
24,20	7,73
24,22	7,77
24,24	7,79
24,27	7,86
24,29	7,89
24,32	7,96
24,34	8,00
24,37	8,08
24,39	8,14
24,42	8,20
24,44	8,24
24,46	8,33
24,49	8,37
24,51	8,46
24,54	8,53
24,56	8,63
24,59	8,73
24,61	8,86
24,63	8,92
24,66	9,07
24,68	9,18
24,71	9,30
24,73	9,42
24,76	9,55
24,78	9,65
24,81	9,78
24,83	9,87
24,85	10,02
24,88	10,14
24,90	10,28
24,93	10,42
24,95	10,58
24,98	10,73
25,00	10,89
25,03	11,03
25,05	11,18
25,07	11,31
25,10	11,43
25,12	11,57
25,15	11,71
25,17	11,86
25,20	12,00
25,22	12,16
25,25	12,32
25,27	12,52
25,29	12,69
25,32	12,91
25,34	13,10
25,37	13,30
25,39	13,47
25,42	13,68
25,44	13,82
25,47	14,04
25,49	14,20
25,51	14,38
25,54	14,55
25,56	14,76
25,59	14,96
25,61	15,23
25,64	15,38
25,66	15,62
25,68	15,83
25,71	16,08
25,73	16,29
25,76	16,53
25,78	16,72
25,81	16,98
25,83	17,18
25,86	17,40
25,88	17,57
25,90	17,80
25,93	18,03
25,95	18,29
25,98	18,52
26,00	18,79
26,03	19,06
26,05	19,36
26,08	19,63
26,10	19,88
26,12	20,10
26,15	20,32
26,17	20,53
26,20	20,77
26,22	21,02
26,25	21,24
26,27	21,48
26,30	21,77
26,32	22,06
26,34	22,34
26,37	22,59
26,39	22,85
26,42	23,10
26,44	23,35
26,47	23,57
26,49	23,77
26,52	23,98
26,54	24,22
26,56	24,44
26,59	24,64
26,61	24,83
26,64	25,04
26,66	25,29
26,69	25,52
26,71	25,72
26,73	25,90
26,76	26,11
26,78	26,28
26,81	26,46
26,83	26,54
26,86	26,64
26,88	26,71
26,91	26,81
26,93	26,89
26,95	26,96
26,98	26,99
27,00	27,05
27,03	27,06
27,05	27,12
27,08	27,07
27,10	27,05
27,13	26,97
27,15	26,92
27,17	26,83
27,20	26,77
27,22	26,65
27,25	26,58
27,27	26,44
27,30	26,36
27,32	26,21
27,35	26,07
27,37	25,88
27,39	25,74
27,42	25,53
27,44	25,36
27,47	25,10
27,49	24,90
27,52	24,68
27,54	24,49
27,57	24,23
27,59	24,03
27,61	23,75
27,64	23,53
27,66	23,29
27,69	23,04
27,71	22,71
27,74	22,44
27,76	22,08
27,78	21,81
27,81	21,47
27,83	21,15
27,86	20,84
27,88	20,58
27,91	20,26
27,93	20,01
27,96	19,70
27,98	19,45
28,00	19,13
28,03	18,82
28,05	18,49
28,08	18,21
28,10	17,89
28,13	17,63
28,15	17,31
28,18	17,05
28,20	16,79
28,22	16,57
28,25	16,33
28,27	16,13
28,30	15,88
28,32	15,71
28,35	15,49
28,37	15,29
28,40	15,10
28,42	14,88
28,44	14,68
28,47	14,52
28,49	14,32
28,52	14,19
28,54	14,02
28,57	13,86
28,59	13,74
28,62	13,60
28,64	13,47
28,66	13,38
28,69	13,28
28,71	13,19
28,74	13,10
28,76	13,01
28,79	12,97
28,81	12,92
28,84	12,86
28,86	12,82
28,88	12,79
28,91	12,75
28,93	12,75
28,96	12,72
28,98	12,72
29,01	12,71
29,03	12,72
29,05	12,72
29,08	12,75
29,10	12,77
29,13	12,84
29,15	12,88
29,18	12,97
29,20	13,03
29,23	13,12
29,25	13,21
29,27	13,29
29,30	13,32
29,32	13,42
29,35	13,45
29,37	13,56
29,40	13,64
29,42	13,74
29,45	13,86
29,47	14,00
29,49	14,10
29,52	14,30
29,54	14,43
29,57	14,61
29,59	14,79
29,62	14,94
29,64	15,09
29,67	15,27
29,69	15,40
29,71	15,57
29,74	15,72
29,76	15,88
29,79	16,10
29,81	16,31
29,84	16,51
29,86	16,75
29,89	16,98
29,91	17,21
29,93	17,45
29,96	17,63
29,98	17,87
30,01	18,08
30,03	18,26
30,06	18,48
30,08	18,69
30,10	18,89
30,13	19,15
30,15	19,38
30,18	19,67
30,20	19,94
30,23	20,19
30,25	20,46
30,28	20,75
30,30	20,96
30,32	21,24
30,35	21,44
30,37	21,72
30,40	21,98
30,42	22,26
30,45	22,50
30,47	22,86
30,50	23,12
30,52	23,49
30,54	23,76
30,57	24,12
30,59	24,41
30,62	24,79
30,64	25,08
30,67	25,40
30,69	25,67
30,72	26,03
30,74	26,29
30,76	26,63
30,79	26,88
30,81	27,19
30,84	27,54
30,86	27,94
30,89	28,29
30,91	28,66
30,94	29,01
30,96	29,42
30,98	29,83
31,01	30,18
31,03	30,49
31,06	30,81
31,08	31,14
31,11	31,48
31,13	31,81
31,15	32,13
31,18	32,50
31,20	32,88
31,23	33,26
31,25	33,66
31,28	34,04
31,30	34,41
31,33	34,79
31,35	35,09
31,37	35,41
31,40	35,75
31,42	36,06
31,45	36,42
31,47	36,74
31,50	37,03
31,52	37,41
31,55	37,73
31,57	38,04
31,59	38,35
31,62	38,60
31,64	38,88
31,67	39,14
31,69	39,37
31,72	39,62
31,74	39,80
31,77	40,01
31,79	40,20
31,81	40,36
31,84	40,48
31,86	40,61
31,89	40,69
31,91	40,83
31,94	40,86
31,96	40,93
31,99	40,98
32,01	41,00
32,03	41,00
32,06	41,04
32,08	40,98
32,11	40,97
32,13	40,90
32,16	40,85
32,18	40,82
32,20	40,76
32,23	40,62
32,25	40,52
32,28	40,37
32,30	40,26
32,33	40,06
32,35	39,87
32,38	39,65
32,40	39,46
32,42	39,27
32,45	39,13
32,47	38,88
32,50	38,68
32,52	38,43
32,55	38,21
32,57	37,92
32,60	37,64
32,62	37,27
32,64	36,98
32,67	36,60
32,69	36,27
32,72	35,88
32,74	35,54
32,77	35,15
32,79	34,85
32,82	34,45
32,84	34,12
32,86	33,73
32,89	33,38
32,91	32,96
32,94	32,57
32,96	32,11
32,99	31,71
33,01	31,25
33,04	30,84
33,06	30,38
33,08	29,96
33,11	29,59
33,13	29,22
33,16	28,86
33,18	28,55
33,21	28,19
33,23	27,88
33,26	27,56
33,28	27,20
33,30	26,85
33,33	26,50
33,35	26,13
33,38	25,83
33,40	25,49
33,43	25,20
33,45	24,93
33,47	24,64
33,50	24,38
33,52	24,15
33,55	23,90
33,57	23,69
33,60	23,47
33,62	23,25
33,65	23,07
33,67	22,86
33,69	22,66
33,72	22,47
33,74	22,30
33,77	22,15
33,79	22,02
33,82	21,89
33,84	21,82
33,87	21,74
33,89	21,68
33,91	21,64
33,94	21,61
33,96	21,56
33,99	21,55
34,01	21,50
34,04	21,50
34,06	21,50
34,09	21,53
34,11	21,55
34,13	21,61
34,16	21,63
34,18	21,70
34,21	21,74
34,23	21,82
34,26	21,88
34,28	21,99
34,31	22,06
34,33	22,19
34,35	22,30
34,38	22,50
34,40	22,62
34,43	22,81
34,45	22,97
34,48	23,16
34,50	23,33
34,52	23,51
34,55	23,64
34,57	23,85
34,60	24,00
34,62	24,19
34,65	24,40
34,67	24,64
34,70	24,88
34,72	25,17
34,74	25,44
34,77	25,73
34,79	26,01
34,82	26,29
34,84	26,56
34,87	26,82
34,89	27,06
34,92	27,34
34,94	27,59
34,96	27,87
34,99	28,16
35,01	28,48
35,04	28,82
35,06	29,15
35,09	29,50
35,11	29,89
35,14	30,27
35,16	30,60
35,18	30,91
35,21	31,20
35,23	31,55
35,26	31,83
35,28	32,15
35,31	32,47
35,33	32,83
35,36	33,21
35,38	33,68
35,40	34,06
35,43	34,52
35,45	34,90
35,48	35,36
35,50	35,75
35,53	36,24
35,55	36,56
35,57	36,98
35,60	37,33
35,62	37,78
35,65	38,13
35,67	38,56
35,70	38,91
35,72	39,38
35,75	39,81
35,77	40,34
35,79	40,80
35,82	41,29
35,84	41,75
35,87	42,28
35,89	42,71
35,92	43,20
35,94	43,59
35,97	44,02
35,99	44,50
36,01	44,98
36,04	45,44
36,06	45,91
36,09	46,44
36,11	46,99
36,14	47,54
36,16	48,05
36,19	48,56
36,21	48,98
36,23	49,39
36,26	49,64
36,28	49,84
36,31	49,95
36,33	50,00
36,36	50,00
36,38	50,00
36,41	50,00
36,43	50,00
36,45	50,00
36,48	50,00
36,50	50,00
36,53	50,00
36,55	50,00
36,58	50,00
36,60	50,00
36,62	50,00
36,65	50,00
36,67	50,00
36,70	50,00
36,72	50,00
36,75	50,00
36,77	50,00
36,80	50,00
36,82	50,00
36,84	50,00
36,87	50,00
36,89	50,00
36,92	50,00
36,94	50,00
36,97	50,00
36,99	50,00
37,02	50,00
37,04	50,00
37,06	50,00
37,09	50,00
37,11	50,00
37,14	50,00
37,16	50,00
37,19	50,00
37,21	50,00
37,24	50,00
37,26	50,00
37,28	50,00
37,31	50,00
37,33	50,00
37,36	50,00
37,38	50,00
37,41	50,00
37,43	50,00
37,46	50,00
37,48	50,00
37,50	50,00
37,53	50,00
37,55	50,00
37,58	50,00
37,60	50,00
37,63	50,00
37,65	50,00
37,68	50,00
37,70	50,00
37,72	50,00
37,75	50,00
37,77	50,00
37,80	50,00
37,82	50,00
37,85	50,00
37,87	50,00
37,89	50,00
37,92	50,00
37,94	50,00
37,97	50,00
37,99	50,00
38,02	50,00
38,04	50,00
38,07	50,00
38,09	49,94
38,11	49,78
38,14	49,56
38,16	49,28
38,19	48,95
38,21	48,51
38,24	47,99
38,26	47,42
38,29	46,93
38,31	46,43
38,33	45,98
38,36	45,53
38,38	45,09
38,41	44,66
38,43	44,30
38,46	43,87
38,48	43,45
38,51	42,99
38,53	42,55
38,55	42,11
38,58	41,75
38,60	41,36
38,63	41,03
38,65	40,68
38,68	40,38
38,70	40,08
38,73	39,83
38,75	39,56
38,77	39,32
38,80	39,09
38,82	38,88
38,85	38,67
38,87	38,44
38,90	38,25
38,92	38,07
38,94	37,92
38,97	37,78
38,99	37,66
39,02	37,55
39,04	37,50
39,07	37,41
39,09	37,36
39,12	37,30
39,14	37,29
39,16	37,27
39,19	37,30
39,21	37,30
39,24	37,36
39,26	37,40
39,29	37,48
39,31	37,54
39,34	37,65
39,36	37,73
39,38	37,85
39,41	37,96
39,43	38,10
39,46	38,22
39,48	38,39
39,51	38,56
39,53	38,71
39,56	38,88
39,58	39,10
39,60	39,32
39,63	39,56
39,65	39,81
39,68	40,05
39,70	40,33
39,73	40,59
39,75	40,85
39,78	41,13
39,80	41,42
39,82	41,67
39,85	41,99
39,87	42,30
39,90	42,67
39,92	43,01
39,95	43,37
39,97	43,73
39,99	44,15
40,02	44,50
40,04	44,95
40,07	45,28
40,09	45,67
40,12	46,01
40,14	46,41
40,17	46,79
40,19	47,22
40,21	47,58
40,24	48,07
40,26	48,52
40,29	48,96
40,31	49,28
40,34	49,57
40,36	49,77
40,39	49,92
40,41	49,98
40,43	50,00
40,46	50,00
40,48	50,00
40,51	50,00
40,53	50,00
40,56	50,00
40,58	50,00
40,61	50,00
40,63	50,00
40,65	50,00
40,68	50,00
40,70	50,00
40,73	50,00
40,75	50,00
40,78	50,00
40,80	50,00
40,83	50,00
40,85	50,00
40,87	50,00
40,90	50,00
40,92	50,00
40,95	50,00
40,97	50,00
41,00	50,00
41,02	50,00
41,05	50,00
41,07	50,00
41,09	50,00
41,12	50,00
41,14	50,00
41,17	50,00
41,19	50,00
41,22	50,00
41,24	50,00
41,26	50,00
41,29	50,00
41,31	50,00
41,34	50,00
41,36	50,00
41,39	50,00
41,41	50,00
41,44	50,00
41,46	50,00
41,48	50,00
41,51	50,00
41,53	50,00
41,56	50,00
41,58	50,00
41,61	50,00
41,63	50,00
41,66	50,00
41,68	50,00
41,70	50,00
41,73	50,00
41,75	50,00
41,78	50,00
41,80	50,00
41,83	50,00
41,85	50,00
41,88	50,00
41,90	50,00
41,92	50,00
41,95	50,00
41,97	50,00
42,00	50,00
42,02	50,00
42,05	50,00
42,07	50,00
42,10	50,00
42,12	50,00
42,14	50,00
42,17	50,00
42,19	50,00
42,22	50,00
42,24	50,00
42,27	50,00
42,29	50,00
42,31	50,00
42,34	50,00
42,36	50,00
42,39	50,00
42,41	50,00
42,44	50,00
42,46	50,00
42,49	50,00
42,51	50,00
42,53	50,00
42,56	50,00
42,58	50,00
42,61	50,00
42,63	50,00
42,66	50,00
42,68	50,00
42,71	50,00
42,73	50,00
42,75	50,00
42,78	50,00
42,80	50,00
42,83	50,00
42,85	50,00
42,88	50,00
42,90	50,00
42,93	50,00
42,95	50,00
42,97	50,00
43,00	50,00
43,02	50,00
43,05	50,00
43,07	50,00
43,10	50,00
43,12	50,00
43,15	50,00
43,17	50,00
43,19	50,00
43,22	50,00
43,24	50,00
43,27	50,00
43,29	50,00
43,32	50,00
43,34	50,00
43,36	50,00
43,39	50,00
43,41	50,00
43,44	50,00
43,46	50,00
43,49	50,00
43,51	50,00
43,54	50,00
43,56	50,00
43,58	50,00
43,61	50,00
43,63	50,00
43,66	50,00
43,68	50,00
43,71	50,00
43,73	50,00
43,76	50,00
43,78	50,00
43,80	50,00
43,83	50,00
43,85	50,00
43,88	50,00
43,90	50,00
43,93	50,00
43,95	50,00
43,98	50,00
44,00	50,00
44,02	50,00
44,05	50,00
44,07	50,00
44,10	50,00
44,12	50,00
44,15	50,00
44,17	50,00
44,20	50,00
44,22	50,00
44,24	50,00
44,27	50,00
44,29	50,00
44,32	50,00
44,34	50,00
44,37	50,00
44,39	50,00
44,41	50,00
44,44	50,00
44,46	50,00
44,49	50,00
44,51	50,00
44,54	50,00
44,56	50,00
44,59	50,00
44,61	50,00
44,63	50,00
44,66	50,00
44,68	50,00
44,71	50,00
44,73	50,00
44,76	50,00
44,78	50,00
44,81	50,00
44,83	50,00
44,85	50,00
44,88	50,00
44,90	50,00
44,93	50,00
44,95	50,00
44,98	50,00
45,00	50,00
45,03	50,00
45,05	50,00
45,07	50,00
45,10	50,00
45,12	50,00
45,15	50,00
45,17	50,00
45,20	50,00
45,22	50,00
45,25	50,00
45,27	50,00
45,29	50,00
45,32	50,00
45,34	50,00
45,37	50,00
45,39	50,00
45,42	50,00
45,44	50,00
45,47	50,00
45,49	50,00
45,51	50,00
45,54	50,00
45,56	50,00
45,59	50,00
45,61	50,00
45,64	50,00
45,66	50,00
45,68	50,00
45,71	50,00
45,73	50,00
45,76	50,00
45,78	50,00
45,81	50,00
45,83	50,00
45,86	50,00
45,88	50,00
45,90	50,00
45,93	50,00
45,95	50,00
45,98	50,00
46,00	50,00
46,03	50,00
46,05	50,00
46,08	50,00
46,10	50,00
46,12	50,00
46,15	50,00
46,17	50,00
46,20	50,00
46,22	50,00
46,25	50,00
46,27	50,00
46,30	50,00
46,32	50,00
46,34	50,00
46,37	50,00
46,39	50,00
46,42	50,00
46,44	50,00
46,47	50,00
46,49	50,00
46,52	50,00
46,54	50,00
46,56	50,00
46,59	50,00
46,61	50,00
46,64	50,00
46,66	50,00
46,69	50,00
46,71	50,00
46,73	50,00
46,76	50,00
46,78	50,00
46,81	50,00
46,83	50,00
46,86	50,00
46,88	50,00
46,91	50,00
46,93	50,00
46,95	50,00
46,98	50,00
47,00	50,00
47,03	50,00
47,05	50,00
47,08	50,00
47,10	50,00
47,13	50,00
47,15	50,00
47,17	50,00
47,20	50,00
47,22	50,00
47,25	50,00
47,27	50,00
47,30	50,00
47,32	50,00
47,35	50,00
47,37	50,00
47,39	50,00
47,42	50,00
47,44	50,00
47,47	50,00
47,49	50,00
47,52	50,00
47,54	50,00
47,57	50,00
47,59	50,00
47,61	50,00
47,64	50,00
47,66	50,00
47,69	50,00
47,71	50,00
47,74	50,00
47,76	50,00
47,78	50,00
47,81	50,00
47,83	50,00
47,86	50,00
47,88	50,00
47,91	50,00
47,93	50,00
47,96	50,00
47,98	50,00
48,00	50,00
48,03	50,00
48,05	50,00
48,08	50,00
48,10	50,00
48,13	50,00
48,15	50,00
48,18	50,00
48,20	50,00
48,22	50,00
48,25	50,00
48,27	50,00
48,30	50,00
48,32	50,00
48,35	50,00
48,37	50,00
48,40	50,00
48,42	50,00
48,44	50,00
48,47	50,00
48,49	50,00
48,52	50,00
48,54	50,00
48,57	50,00
48,59	50,00
48,62	50,00
48,64	50,00
48,66	50,00
48,69	50,00
48,71	50,00
48,74	50,00
48,76	50,00
48,79	50,00
48,81	50,00
48,84	50,00
48,86	50,00
48,88	50,00
48,91	50,00
48,93	50,00
48,96	50,00
48,98	50,00
49,01	50,00
49,03	50,00
49,05	50,00
49,08	50,00
49,10	50,00
49,13	50,00
49,15	50,00
49,18	50,00
49,20	50,00
49,23	50,00
49,25	50,00
49,27	50,00
49,30	50,00
49,32	50,00
49,35	50,00
49,37	50,00
49,40	50,00
49,42	50,00
49,45	50,00
49,47	50,00
49,49	50,00
49,52	50,00
49,54	50,00
49,57	50,00
49,59	50,00
49,62	50,00
49,64	50,00
49,67	50,00
49,69	50,00
49,71	50,00
49,74	50,00
49,76	50,00
49,79	50,00
49,81	50,00
49,84	50,00
49,86	50,00
49,89	50,00
49,91	50,00
49,93	50,00
49,96	50,00
49,98	50,00
50,01	50,00
50,03	50,00
50,06	50,00
50,08	50,00
50,10	50,00
50,13	50,00
50,15	50,00
50,18	50,00
50,20	50,00
50,23	50,00
50,25	50,00
50,28	50,00
50,30	50,00
50,32	50,00
50,35	50,00
50,37	50,00
50,40	50,00
50,42	50,00
50,45	50,00
50,47	50,00
50,50	50,00
50,52	50,00
50,54	50,00
50,57	50,00
50,59	50,00
50,62	50,00
50,64	50,00
50,67	50,00
50,69	50,00
50,72	50,00
50,74	50,00
50,76	50,00
50,79	50,00
50,81	50,00
50,84	50,00
50,86	50,00
50,89	50,00
50,91	50,00
50,94	50,00
50,96	50,00
50,98	50,00
51,01	50,00
51,03	50,00
51,06	50,00
51,08	50,00
51,11	50,00
51,13	50,00
51,15	50,00
51,18	50,00
51,20	50,00
51,23	50,00
51,25	50,00
51,28	50,00
51,30	50,00
51,33	50,00
51,35	50,00
51,37	50,00
51,40	50,00
51,42	50,00
51,45	50,00
51,47	50,00
51,50	50,00
51,52	50,00
51,55	50,00
51,57	50,00
51,59	50,00
51,62	50,00
51,64	50,00
51,67	50,00
51,69	50,00
51,72	50,00
51,74	50,00
51,77	50,00
51,79	50,00
51,81	50,00
51,84	50,00
51,86	50,00
51,89	50,00
51,91	50,00
51,94	50,00
51,96	50,00
51,99	50,00
52,01	50,00
52,03	50,00
52,06	50,00
52,08	50,00
52,11	50,00
52,13	50,00
52,16	50,00
52,18	50,00
52,20	50,00
52,23	50,00
52,25	50,00
52,28	50,00
52,30	50,00
52,33	50,00
52,35	50,00
52,38	50,00
52,40	50,00
52,42	50,00
52,45	50,00
52,47	50,00
52,50	50,00
52,52	50,00
52,55	50,00
52,57	50,00
52,60	50,00
52,62	50,00
52,64	50,00
52,67	50,00
52,69	50,00
52,72	50,00
52,74	50,00
52,77	50,00
52,79	50,00
52,82	50,00
52,84	50,00
52,86	50,00
52,89	50,00
52,91	50,00
52,94	50,00
52,96	50,00
52,99	50,00
53,01	50,00
53,04	50,00
53,06	50,00
53,08	50,00
53,11	50,00
53,13	50,00
53,16	50,00
53,18	50,00
53,21	50,00
53,23	50,00
53,26	50,00
53,28	50,00
53,30	50,00
53,33	50,00
53,35	50,00
53,38	50,00
53,40	50,00
53,43	50,00
53,45	50,00
53,47	50,00
53,50	50,00
53,52	50,00
53,55	50,00
53,57	50,00
53,60	50,00
53,62	50,00
53,65	50,00
53,67	50,00
53,69	50,00
53,72	50,00
53,74	50,00
53,77	50,00
53,79	50,00
53,82	50,00
53,84	50,00
53,87	50,00
53,89	50,00
53,91	50,00
53,94	50,00
53,96	50,00
53,99	50,00
54,01	50,00
54,04	50,00
54,06	50,00
54,09	50,00
54,11	50,00
54,13	50,00
54,16	50,00
54,18	50,00
54,21	50,00
54,23	50,00
54,26	50,00
54,28	50,00
54,31	50,00
54,33	50,00
54,35	50,00
54,38	50,00
54,40	50,00
54,43	50,00
54,45	50,00
54,48	50,00
54,50	50,00
54,52	50,00
54,55	50,00
54,57	50,00
54,60	50,00
54,62	50,00
54,65	50,00
54,67	50,00
54,70	50,00
54,72	50,00
54,74	50,00
54,77	50,00
54,79	50,00
54,82	50,00
54,84	50,00
54,87	50,00
54,89	50,00
54,92	50,00
54,94	50,00
54,96	50,00
54,99	50,00
55,01	50,00
55,04	50,00
55,06	50,00
55,09	50,00
55,11	50,00
55,14	50,00
55,16	50,00
55,18	50,00
55,21	50,00
55,23	50,00
55,26	50,00
55,28	50,00
55,31	50,00
55,33	50,00
55,36	50,00
55,38	50,00
55,40	50,00
55,43	50,00
55,45	50,00
55,48	50,00
55,50	50,00
55,53	50,00
55,55	50,00
55,57	50,00
55,60	50,00
55,62	50,00
55,65	50,00
55,67	50,00
55,70	50,00
55,72	50,00
55,75	50,00
55,77	50,00
55,79	50,00
55,82	50,00
55,84	50,00
55,87	50,00
55,89	50,00
55,92	50,00
55,94	50,00
55,97	50,00
55,99	50,00
56,01	50,00
56,04	50,00
56,06	50,00
56,09	50,00
56,11	50,00
56,14	50,00
56,16	50,00
56,19	50,00
56,21	50,00
56,23	50,00
56,26	50,00
56,28	50,00
56,31	50,00
56,33	50,00
56,36	50,00
56,38	50,00
56,41	50,00
56,43	50,00
56,45	50,00
56,48	50,00
56,50	50,00
56,53	50,00
56,55	50,00
56,58	50,00
56,60	50,00
56,62	50,00
56,65	50,00
56,67	50,00
56,70	50,00
56,72	50,00
56,75	50,00
56,77	50,00
56,80	50,00
56,82	50,00
56,84	50,00
56,87	50,00
56,89	50,00
56,92	50,00
56,94	50,00
56,97	50,00
56,99	50,00
57,02	50,00
57,04	50,00
57,06	50,00
57,09	50,00
57,11	50,00
57,14	50,00
57,16	50,00
57,19	50,00
57,21	50,00
57,24	50,00
57,26	50,00
57,28	50,00
57,31	50,00
57,33	50,00
57,36	50,00
57,38	50,00
57,41	50,00
57,43	50,00
57,46	50,00
57,48	50,00
57,50	50,00
57,53	50,00
57,55	50,00
57,58	50,00
57,60	50,00
57,63	50,00
57,65	50,00
57,68	50,00
57,70	50,00
57,72	50,00
57,75	50,00
57,77	50,00
57,80	50,00
57,82	50,00
57,85	50,00
57,87	50,00
57,89	50,00
57,92	50,00
57,94	50,00
57,97	50,00
57,99	50,00
58,02	50,00
58,04	50,00
58,07	50,00
58,09	50,00
58,11	50,00
58,14	50,00
58,16	50,00
58,19	50,00
58,21	50,00
58,24	50,00
58,26	50,00
58,29	50,00
58,31	50,00
58,33	50,00
58,36	50,00
58,38	50,00
58,41	50,00
58,43	50,00
58,46	50,00
58,48	50,00
58,51	50,00
58,53	50,00
58,55	50,00
58,58	50,00
58,60	50,00
58,63	50,00
58,65	50,00
58,68	50,00
58,70	50,00
58,73	50,00
58,75	50,00
58,77	50,00
58,80	50,00
58,82	50,00
58,85	50,00
58,87	50,00
58,90	50,00
58,92	50,00
58,94	50,00
58,97	50,00
58,99	50,00
59,02	50,00
59,04	50,00
59,07	50,00
59,09	50,00
59,12	50,00
59,14	50,00
59,16	50,00
59,19	50,00
59,21	50,00
59,24	50,00
59,26	50,00
59,29	50,00
59,31	50,00
59,34	50,00
59,36	50,00
59,38	50,00
59,41	50,00
59,43	50,00
59,46	50,00
59,48	50,00
59,51	50,00
59,53	50,00
59,56	50,00
59,58	50,00
59,60	50,00
59,63	50,00
59,65	50,00
59,68	50,00
59,70	50,00
59,73	50,00
59,75	50,00
59,78	50,00
59,80	50,00
59,82	50,00
59,85	50,00
59,87	50,00
59,90	50,00
59,92	50,00
59,95	50,00
59,97	50,00
59,99	50,00
