
U1/V	IA/nA

0,02	0,25
0,04	0,25
0,07	0,28
0,09	0,28
0,12	0,32
0,14	0,27
0,17	0,31
0,19	0,28
0,21	0,31
0,24	0,27
0,26	0,29
0,29	0,25
0,31	0,32
0,34	0,30
0,36	0,32
0,39	0,31
0,41	0,31
0,43	0,29
0,46	0,32
0,48	0,27
0,51	0,30
0,53	0,28
0,56	0,30
0,58	0,32
0,61	0,34
0,63	0,32
0,65	0,34
0,68	0,33
0,70	0,35
0,73	0,33
0,75	0,32
0,78	0,31
0,80	0,31
0,83	0,28
0,85	0,29
0,87	0,26
0,90	0,26
0,92	0,26
0,95	0,27
0,97	0,27
1,00	0,28
1,02	0,28
1,05	0,32
1,07	0,33
1,09	0,32
1,12	0,31
1,14	0,29
1,17	0,30
1,19	0,31
1,22	0,30
1,24	0,28
1,26	0,28
1,29	0,27
1,31	0,31
1,34	0,29
1,36	0,29
1,39	0,30
1,41	0,32
1,44	0,31
1,46	0,33
1,48	0,32
1,51	0,34
1,53	0,32
1,56	0,32
1,58	0,32
1,61	0,34
1,63	0,31
1,66	0,32
1,68	0,29
1,70	0,31
1,73	0,29
1,75	0,30
1,78	0,31
1,80	0,34
1,83	0,33
1,85	0,35
1,88	0,31
1,90	0,34
1,92	0,32
1,95	0,32
1,97	0,30
2,00	0,31
2,02	0,29
2,05	0,32
2,07	0,30
2,10	0,31
2,12	0,32
2,14	0,34
2,17	0,34
2,19	0,36
2,22	0,34
2,24	0,35
2,27	0,34
2,29	0,32
2,31	0,31
2,34	0,29
2,36	0,27
2,39	0,28
2,41	0,27
2,44	0,29
2,46	0,27
2,49	0,27
2,51	0,29
2,53	0,31
2,56	0,30
2,58	0,31
2,61	0,27
2,63	0,30
2,66	0,28
2,68	0,28
2,71	0,28
2,73	0,27
2,75	0,27
2,78	0,30
2,80	0,29
2,83	0,29
2,85	0,30
2,88	0,30
2,90	0,32
2,93	0,31
2,95	0,31
2,97	0,29
3,00	0,31
3,02	0,30
3,05	0,32
3,07	0,28
3,10	0,30
3,12	0,29
3,15	0,31
3,17	0,29
3,19	0,30
3,22	0,26
3,24	0,34
3,27	0,31
3,29	0,33
3,32	0,31
3,34	0,33
3,36	0,31
3,39	0,33
3,41	0,27
3,44	0,30
3,46	0,26
3,49	0,29
3,51	0,29
3,54	0,32
3,56	0,30
3,58	0,33
3,61	0,31
3,63	0,35
3,66	0,33
3,68	0,34
3,71	0,32
3,73	0,35
3,76	0,31
3,78	0,34
3,80	0,29
3,83	0,30
3,85	0,28
3,88	0,28
3,90	0,26
3,93	0,30
3,95	0,27
3,98	0,34
4,00	0,32
4,02	0,33
4,05	0,32
4,07	0,33
4,10	0,32
4,12	0,36
4,15	0,34
4,17	0,34
4,20	0,31
4,22	0,32
4,24	0,34
4,27	0,34
4,29	0,32
4,32	0,32
4,34	0,33
4,37	0,37
4,39	0,36
4,42	0,36
4,44	0,37
4,46	0,36
4,49	0,35
4,51	0,35
4,54	0,31
4,56	0,33
4,59	0,35
4,61	0,32
4,63	0,34
4,66	0,35
4,68	0,35
4,71	0,37
4,73	0,38
4,76	0,34
4,78	0,36
4,81	0,35
4,83	0,36
4,85	0,34
4,88	0,36
4,90	0,34
4,93	0,36
4,95	0,35
4,98	0,38
5,00	0,37
5,03	0,38
5,05	0,36
5,07	0,39
5,10	0,37
5,12	0,40
5,15	0,36
5,17	0,39
5,20	0,36
5,22	0,38
5,25	0,37
5,27	0,38
5,29	0,36
5,32	0,39
5,34	0,36
5,37	0,41
5,39	0,40
5,42	0,42
5,44	0,42
5,47	0,44
5,49	0,42
5,51	0,46
5,54	0,42
5,56	0,44
5,59	0,43
5,61	0,45
5,64	0,44
5,66	0,46
5,68	0,45
5,71	0,49
5,73	0,47
5,76	0,48
5,78	0,48
5,81	0,50
5,83	0,49
5,86	0,51
5,88	0,49
5,90	0,50
5,93	0,50
5,95	0,52
5,98	0,52
6,00	0,52
6,03	0,51
6,05	0,52
6,08	0,52
6,10	0,54
6,12	0,53
6,15	0,53
6,17	0,54
6,20	0,54
6,22	0,55
6,25	0,55
6,27	0,57
6,30	0,58
6,32	0,57
6,34	0,58
6,37	0,61
6,39	0,61
6,42	0,63
6,44	0,62
6,47	0,64
6,49	0,64
6,52	0,67
6,54	0,65
6,56	0,69
6,59	0,69
6,61	0,69
6,64	0,69
6,66	0,72
6,69	0,71
6,71	0,75
6,73	0,73
6,76	0,77
6,78	0,77
6,81	0,80
6,83	0,80
6,86	0,83
6,88	0,81
6,91	0,83
6,93	0,81
6,95	0,84
6,98	0,82
7,00	0,84
7,03	0,83
7,05	0,87
7,08	0,85
7,10	0,91
7,13	0,88
7,15	0,92
7,17	0,92
7,20	0,97
7,22	0,95
7,25	0,99
7,27	0,97
7,30	1,01
7,32	1,00
7,35	1,03
7,37	1,01
7,39	1,02
7,42	1,02
7,44	1,06
7,47	1,06
7,49	1,09
7,52	1,08
7,54	1,10
7,57	1,11
7,59	1,13
7,61	1,11
7,64	1,13
7,66	1,12
7,69	1,14
7,71	1,13
7,74	1,15
7,76	1,16
7,78	1,17
7,81	1,16
7,83	1,19
7,86	1,18
7,88	1,19
7,91	1,21
7,93	1,23
7,96	1,24
7,98	1,25
8,00	1,25
8,03	1,27
8,05	1,28
8,08	1,27
8,10	1,29
8,13	1,27
8,15	1,27
8,18	1,29
8,20	1,31
8,22	1,32
8,25	1,34
8,27	1,32
8,30	1,36
8,32	1,38
8,35	1,39
8,37	1,38
8,40	1,39
8,42	1,37
8,44	1,38
8,47	1,37
8,49	1,39
8,52	1,37
8,54	1,38
8,57	1,36
8,59	1,37
8,62	1,35
8,64	1,39
8,66	1,36
8,69	1,38
8,71	1,36
8,74	1,39
8,76	1,39
8,79	1,42
8,81	1,38
8,84	1,41
8,86	1,37
8,88	1,41
8,91	1,41
8,93	1,43
8,96	1,41
8,98	1,45
9,01	1,42
9,03	1,47
9,05	1,45
9,08	1,43
9,10	1,41
9,13	1,41
9,15	1,38
9,18	1,42
9,20	1,39
9,23	1,41
9,25	1,40
9,27	1,42
9,30	1,43
9,32	1,44
9,35	1,41
9,37	1,44
9,40	1,43
9,42	1,45
9,45	1,46
9,47	1,46
9,49	1,47
9,52	1,49
9,54	1,45
9,57	1,47
9,59	1,47
9,62	1,48
9,64	1,49
9,67	1,49
9,69	1,48
9,71	1,50
9,74	1,48
9,76	1,50
9,79	1,50
9,81	1,48
9,84	1,50
9,86	1,49
9,89	1,52
9,91	1,53
9,93	1,54
9,96	1,53
9,98	1,53
10,01	1,53
10,03	1,57
10,06	1,55
10,08	1,55
10,10	1,56
10,13	1,58
10,15	1,58
10,18	1,61
10,20	1,59
10,23	1,61
10,25	1,60
10,28	1,62
10,30	1,62
10,32	1,65
10,35	1,64
10,37	1,71
10,40	1,70
10,42	1,74
10,45	1,73
10,47	1,75
10,50	1,76
10,52	1,80
10,54	1,76
10,57	1,80
10,59	1,76
10,62	1,82
10,64	1,82
10,67	1,85
10,69	1,83
10,72	1,87
10,74	1,87
10,76	1,94
10,79	1,92
10,81	1,95
10,84	1,97
10,86	2,02
10,89	2,02
10,91	2,08
10,94	2,08
10,96	2,13
10,98	2,15
11,01	2,18
11,03	2,19
11,06	2,23
11,08	2,24
11,11	2,31
11,13	2,32
11,15	2,34
11,18	2,36
11,20	2,39
11,23	2,43
11,25	2,46
11,28	2,45
11,30	2,51
11,33	2,52
11,35	2,55
11,37	2,57
11,40	2,61
11,42	2,63
11,45	2,68
11,47	2,70
11,50	2,75
11,52	2,78
11,55	2,81
11,57	2,85
11,59	2,91
11,62	2,96
11,64	2,99
11,67	3,05
11,69	3,09
11,72	3,16
11,74	3,19
11,77	3,22
11,79	3,23
11,81	3,28
11,84	3,33
11,86	3,39
11,89	3,42
11,91	3,46
11,94	3,49
11,96	3,58
11,99	3,60
12,01	3,63
12,03	3,65
12,06	3,68
12,08	3,70
12,11	3,76
12,13	3,74
12,16	3,80
12,18	3,81
12,21	3,84
12,23	3,88
12,25	3,93
12,28	3,93
12,30	4,01
12,33	4,01
12,35	4,05
12,38	4,05
12,40	4,09
12,42	4,09
12,45	4,14
12,47	4,11
12,50	4,16
12,52	4,14
12,55	4,18
12,57	4,17
12,60	4,19
12,62	4,17
12,64	4,19
12,67	4,17
12,69	4,24
12,72	4,22
12,74	4,22
12,77	4,21
12,79	4,20
12,82	4,20
12,84	4,22
12,86	4,17
12,89	4,18
12,91	4,16
12,94	4,16
12,96	4,18
12,99	4,18
13,01	4,16
13,04	4,19
13,06	4,18
13,08	4,19
13,11	4,18
13,13	4,17
13,16	4,15
13,18	4,14
13,21	4,09
13,23	4,08
13,26	4,06
13,28	4,06
13,30	4,04
13,33	4,02
13,35	4,01
13,38	3,99
13,40	3,97
13,43	3,98
13,45	3,96
13,47	3,94
13,50	3,91
13,52	3,86
13,55	3,87
13,57	3,83
13,60	3,81
13,62	3,78
13,65	3,76
13,67	3,73
13,69	3,77
13,72	3,72
13,74	3,73
13,77	3,72
13,79	3,71
13,82	3,69
13,84	3,70
13,87	3,65
13,89	3,66
13,91	3,63
13,94	3,60
13,96	3,57
13,99	3,56
14,01	3,52
14,04	3,55
14,06	3,50
14,09	3,50
14,11	3,48
14,13	3,49
14,16	3,49
14,18	3,52
14,21	3,48
14,23	3,51
14,26	3,48
14,28	3,48
14,31	3,43
14,33	3,42
14,35	3,39
14,38	3,41
14,40	3,39
14,43	3,41
14,45	3,39
14,48	3,43
14,50	3,45
14,52	3,47
14,55	3,45
14,57	3,47
14,60	3,46
14,62	3,51
14,65	3,51
14,67	3,52
14,70	3,54
14,72	3,53
14,74	3,54
14,77	3,59
14,79	3,58
14,82	3,61
14,84	3,62
14,87	3,63
14,89	3,69
14,92	3,71
14,94	3,72
14,96	3,76
14,99	3,75
15,01	3,77
15,04	3,79
15,06	3,81
15,09	3,85
15,11	3,87
15,14	3,90
15,16	3,95
15,18	3,99
15,21	4,02
15,23	4,08
15,26	4,12
15,28	4,20
15,31	4,24
15,33	4,29
15,36	4,32
15,38	4,38
15,40	4,40
15,43	4,45
15,45	4,44
15,48	4,51
15,50	4,57
15,53	4,66
15,55	4,71
15,57	4,79
15,60	4,84
15,62	4,96
15,65	5,00
15,67	5,06
15,70	5,11
15,72	5,15
15,75	5,20
15,77	5,28
15,79	5,30
15,82	5,40
15,84	5,44
15,87	5,54
15,89	5,63
15,92	5,72
15,94	5,78
15,97	5,91
15,99	5,98
16,01	6,09
16,04	6,15
16,06	6,25
16,09	6,31
16,11	6,42
16,14	6,46
16,16	6,58
16,19	6,66
16,21	6,78
16,23	6,86
16,26	6,98
16,28	7,08
16,31	7,19
16,33	7,27
16,36	7,42
16,38	7,49
16,41	7,60
16,43	7,70
16,45	7,75
16,48	7,85
16,50	7,96
16,53	8,04
16,55	8,17
16,58	8,27
16,60	8,38
16,63	8,54
16,65	8,66
16,67	8,77
16,70	8,87
16,72	8,96
16,75	9,07
16,77	9,20
16,80	9,28
16,82	9,40
16,84	9,49
16,87	9,61
16,89	9,71
16,92	9,83
16,94	9,91
16,97	10,01
16,99	10,08
17,02	10,19
17,04	10,26
17,06	10,35
17,09	10,44
17,11	10,52
17,14	10,57
17,16	10,65
17,19	10,68
17,21	10,74
17,24	10,76
17,26	10,79
17,28	10,81
17,31	10,84
17,33	10,84
17,36	10,88
17,38	10,88
17,41	10,91
17,43	10,89
17,46	10,90
17,48	10,89
17,50	10,90
17,53	10,87
17,55	10,87
17,58	10,82
17,60	10,82
17,63	10,79
17,65	10,76
17,68	10,70
17,70	10,68
17,72	10,60
17,75	10,59
17,77	10,51
17,80	10,46
17,82	10,41
17,85	10,36
17,87	10,28
17,89	10,23
17,92	10,13
17,94	10,06
17,97	9,94
17,99	9,85
18,02	9,76
18,04	9,67
18,07	9,58
18,09	9,52
18,11	9,43
18,14	9,38
18,16	9,31
18,19	9,22
18,21	9,15
18,24	9,05
18,26	8,94
18,29	8,86
18,31	8,75
18,33	8,65
18,36	8,57
18,38	8,45
18,41	8,36
18,43	8,29
18,46	8,19
18,48	8,12
18,51	8,04
18,53	7,95
18,55	7,90
18,58	7,81
18,60	7,73
18,63	7,66
18,65	7,58
18,68	7,49
18,70	7,40
18,73	7,31
18,75	7,27
18,77	7,18
18,80	7,12
18,82	7,05
18,85	7,00
18,87	6,95
18,90	6,92
18,92	6,87
18,94	6,86
18,97	6,80
18,99	6,77
19,02	6,73
19,04	6,72
19,07	6,67
19,09	6,68
19,12	6,60
19,14	6,60
19,16	6,54
19,19	6,54
19,21	6,52
19,24	6,53
19,26	6,49
19,29	6,54
19,31	6,51
19,34	6,55
19,36	6,55
19,38	6,56
19,41	6,55
19,43	6,59
19,46	6,56
19,48	6,63
19,51	6,60
19,53	6,63
19,56	6,64
19,58	6,69
19,60	6,70
19,63	6,78
19,65	6,77
19,68	6,84
19,70	6,88
19,73	6,95
19,75	6,99
19,78	7,06
19,80	7,10
19,82	7,19
19,85	7,22
19,87	7,29
19,90	7,33
19,92	7,40
19,95	7,44
19,97	7,51
19,99	7,58
20,02	7,70
20,04	7,78
20,07	7,87
20,09	7,95
20,12	8,05
20,14	8,17
20,17	8,27
20,19	8,34
20,21	8,43
20,24	8,51
20,26	8,60
20,29	8,73
20,31	8,81
20,34	8,93
20,36	9,03
20,39	9,16
20,41	9,29
20,43	9,45
20,46	9,55
20,48	9,70
20,51	9,80
20,53	9,95
20,56	10,06
20,58	10,22
20,61	10,31
20,63	10,47
20,65	10,57
20,68	10,75
20,70	10,88
20,73	11,05
20,75	11,18
20,78	11,35
20,80	11,50
20,83	11,69
20,85	11,83
20,87	12,03
20,90	12,17
20,92	12,33
20,95	12,49
20,97	12,64
21,00	12,79
21,02	12,97
21,05	13,11
21,07	13,32
21,09	13,50
21,12	13,70
21,14	13,90
21,17	14,11
21,19	14,31
21,22	14,54
21,24	14,71
21,26	14,90
21,29	15,11
21,31	15,30
21,34	15,49
21,36	15,69
21,39	15,86
21,41	16,11
21,44	16,34
21,46	16,55
21,48	16,79
21,51	17,00
21,53	17,20
21,56	17,44
21,58	17,62
21,61	17,82
21,63	18,00
21,66	18,19
21,68	18,40
21,70	18,57
21,73	18,77
21,75	19,00
21,78	19,21
21,80	19,43
21,83	19,66
21,85	19,85
21,88	20,09
21,90	20,25
21,92	20,41
21,95	20,57
21,97	20,70
22,00	20,82
22,02	20,99
22,05	21,08
22,07	21,21
22,10	21,31
22,12	21,42
22,14	21,53
22,17	21,62
22,19	21,64
22,22	21,71
22,24	21,75
22,27	21,80
22,29	21,80
22,31	21,82
22,34	21,79
22,36	21,79
22,39	21,76
22,41	21,75
22,44	21,67
22,46	21,63
22,49	21,55
22,51	21,50
22,53	21,41
22,56	21,34
22,58	21,22
22,61	21,16
22,63	21,03
22,66	20,94
22,68	20,82
22,71	20,73
22,73	20,57
22,75	20,50
22,78	20,32
22,80	20,21
22,83	20,02
22,85	19,87
22,88	19,66
22,90	19,49
22,93	19,25
22,95	19,09
22,97	18,86
23,00	18,71
23,02	18,48
23,05	18,30
23,07	18,10
23,10	17,94
23,12	17,71
23,15	17,52
23,17	17,26
23,19	17,07
23,22	16,86
23,24	16,65
23,27	16,40
23,29	16,19
23,32	15,95
23,34	15,79
23,36	15,59
23,39	15,40
23,41	15,20
23,44	15,02
23,46	14,84
23,49	14,71
23,51	14,51
23,54	14,32
23,56	14,13
23,58	13,94
23,61	13,77
23,63	13,60
23,66	13,40
23,68	13,27
23,71	13,10
23,73	12,97
23,76	12,85
23,78	12,73
23,80	12,62
23,83	12,54
23,85	12,43
23,88	12,34
23,90	12,24
23,93	12,15
23,95	12,07
23,98	12,00
24,00	11,93
24,02	11,86
24,05	11,82
24,07	11,77
24,10	11,74
24,12	11,70
24,15	11,68
24,17	11,65
24,20	11,64
24,22	11,64
24,24	11,64
24,27	11,66
24,29	11,68
24,32	11,68
24,34	11,74
24,37	11,75
24,39	11,77
24,42	11,79
24,44	11,83
24,46	11,85
24,49	11,92
24,51	11,93
24,54	12,01
24,56	12,07
24,59	12,17
24,61	12,22
24,63	12,35
24,66	12,44
24,68	12,61
24,71	12,71
24,73	12,84
24,76	12,92
24,78	13,05
24,81	13,15
24,83	13,28
24,85	13,33
24,88	13,47
24,90	13,60
24,93	13,77
24,95	13,94
24,98	14,10
25,00	14,24
25,03	14,43
25,05	14,58
25,07	14,77
25,10	14,90
25,12	15,03
25,15	15,17
25,17	15,32
25,20	15,50
25,22	15,68
25,25	15,88
25,27	16,10
25,29	16,32
25,32	16,56
25,34	16,81
25,37	17,03
25,39	17,26
25,42	17,45
25,44	17,64
25,47	17,84
25,49	18,07
25,51	18,25
25,54	18,47
25,56	18,66
25,59	18,91
25,61	19,15
25,64	19,43
25,66	19,67
25,68	20,00
25,71	20,24
25,73	20,55
25,76	20,84
25,78	21,10
25,81	21,33
25,83	21,59
25,86	21,79
25,88	22,08
25,90	22,33
25,93	22,60
25,95	22,87
25,98	23,18
26,00	23,50
26,03	23,84
26,05	24,14
26,08	24,47
26,10	24,76
26,12	25,06
26,15	25,38
26,17	25,66
26,20	25,94
26,22	26,23
26,25	26,54
26,27	26,87
26,30	27,22
26,32	27,53
26,34	27,89
26,37	28,24
26,39	28,59
26,42	28,94
26,44	29,26
26,47	29,54
26,49	29,85
26,52	30,16
26,54	30,46
26,56	30,76
26,59	31,05
26,61	31,37
26,64	31,72
26,66	32,06
26,69	32,38
26,71	32,71
26,73	33,06
26,76	33,38
26,78	33,69
26,81	34,00
26,83	34,26
26,86	34,48
26,88	34,76
26,91	34,97
26,93	35,21
26,95	35,40
26,98	35,60
27,00	35,82
27,03	36,06
27,05	36,21
27,08	36,41
27,10	36,55
27,13	36,73
27,15	36,88
27,17	37,02
27,20	37,12
27,22	37,23
27,25	37,29
27,27	37,38
27,30	37,41
27,32	37,45
27,35	37,45
27,37	37,47
27,39	37,44
27,42	37,44
27,44	37,36
27,47	37,32
27,49	37,23
27,52	37,19
27,54	37,12
27,57	37,05
27,59	36,93
27,61	36,90
27,64	36,79
27,66	36,69
27,69	36,53
27,71	36,41
27,74	36,21
27,76	36,07
27,78	35,84
27,81	35,64
27,83	35,37
27,86	35,18
27,88	34,93
27,91	34,75
27,93	34,48
27,96	34,25
27,98	33,96
28,00	33,74
28,03	33,40
28,05	33,08
28,08	32,68
28,10	32,32
28,13	31,92
28,15	31,59
28,18	31,15
28,20	30,81
28,22	30,44
28,25	30,13
28,27	29,82
28,30	29,52
28,32	29,17
28,35	28,90
28,37	28,59
28,40	28,27
28,42	27,92
28,44	27,59
28,47	27,22
28,49	26,90
28,52	26,54
28,54	26,21
28,57	25,92
28,59	25,64
28,62	25,34
28,64	25,08
28,66	24,81
28,69	24,55
28,71	24,31
28,74	24,09
28,76	23,82
28,79	23,59
28,81	23,35
28,84	23,10
28,86	22,90
28,88	22,70
28,91	22,47
28,93	22,32
28,96	22,16
28,98	22,02
29,01	21,92
29,03	21,81
29,05	21,71
29,08	21,62
29,10	21,53
29,13	21,43
29,15	21,38
29,18	21,31
29,20	21,26
29,23	21,21
29,25	21,17
29,27	21,14
29,30	21,14
29,32	21,11
29,35	21,14
29,37	21,13
29,40	21,19
29,42	21,23
29,45	21,30
29,47	21,37
29,49	21,47
29,52	21,53
29,54	21,65
29,57	21,72
29,59	21,83
29,62	21,89
29,64	22,01
29,67	22,10
29,69	22,24
29,71	22,35
29,74	22,54
29,76	22,68
29,79	22,88
29,81	23,07
29,84	23,26
29,86	23,44
29,89	23,68
29,91	23,88
29,93	24,11
29,96	24,31
29,98	24,52
30,01	24,73
30,03	24,95
30,06	25,14
30,08	25,36
30,10	25,60
30,13	25,88
30,15	26,16
30,18	26,44
30,20	26,76
30,23	27,07
30,25	27,39
30,28	27,70
30,30	27,96
30,32	28,20
30,35	28,51
30,37	28,78
30,40	29,08
30,42	29,36
30,45	29,67
30,47	30,02
30,50	30,41
30,52	30,76
30,54	31,15
30,57	31,52
30,59	31,96
30,62	32,32
30,64	32,74
30,67	33,06
30,69	33,45
30,72	33,76
30,74	34,13
30,76	34,41
30,79	34,80
30,81	35,15
30,84	35,63
30,86	36,03
30,89	36,48
30,91	36,91
30,94	37,47
30,96	37,91
30,98	38,37
31,01	38,74
31,03	39,11
31,06	39,55
31,08	39,95
31,11	40,31
31,13	40,72
31,15	41,11
31,18	41,60
31,20	42,14
31,23	42,60
31,25	43,10
31,28	43,59
31,30	44,14
31,33	44,67
31,35	45,13
31,37	45,54
31,40	46,02
31,42	46,47
31,45	46,94
31,47	47,39
31,50	47,83
31,52	48,35
31,55	48,82
31,57	49,20
31,59	49,51
31,62	49,73
31,64	49,88
31,67	49,98
31,69	50,00
31,72	50,00
31,74	50,00
31,77	50,00
31,79	50,00
31,81	50,00
31,84	50,00
31,86	50,00
31,89	50,00
31,91	50,00
31,94	50,00
31,96	50,00
31,99	50,00
32,01	50,00
32,03	50,00
32,06	50,00
32,08	50,00
32,11	50,00
32,13	50,00
32,16	50,00
32,18	50,00
32,20	50,00
32,23	50,00
32,25	50,00
32,28	50,00
32,30	50,00
32,33	50,00
32,35	50,00
32,38	50,00
32,40	50,00
32,42	50,00
32,45	50,00
32,47	50,00
32,50	50,00
32,52	50,00
32,55	50,00
32,57	50,00
32,60	50,00
32,62	50,00
32,64	50,00
32,67	50,00
32,69	50,00
32,72	50,00
32,74	50,00
32,77	50,00
32,79	50,00
32,82	50,00
32,84	50,00
32,86	50,00
32,89	50,00
32,91	50,00
32,94	50,00
32,96	50,00
32,99	50,00
33,01	50,00
33,04	50,00
33,06	50,00
33,08	50,00
33,11	50,00
33,13	50,00
33,16	50,00
33,18	50,00
33,21	50,00
33,23	50,00
33,26	50,00
33,28	50,00
33,30	50,00
33,33	50,00
33,35	50,00
33,38	50,00
33,40	50,00
33,43	50,00
33,45	50,00
33,47	49,98
33,50	49,92
33,52	49,73
33,55	49,51
33,57	49,19
33,60	48,82
33,62	48,35
33,65	47,83
33,67	47,30
33,69	46,83
33,72	46,31
33,74	45,87
33,77	45,37
33,79	44,97
33,82	44,58
33,84	44,21
33,87	43,87
33,89	43,52
33,91	43,16
33,94	42,87
33,96	42,52
33,99	42,18
34,01	41,86
34,04	41,53
34,06	41,25
34,09	40,98
34,11	40,73
34,13	40,51
34,16	40,32
34,18	40,13
34,21	39,97
34,23	39,81
34,26	39,67
34,28	39,53
34,31	39,40
34,33	39,30
34,35	39,20
34,38	39,10
34,40	39,09
34,43	39,04
34,45	39,04
34,48	39,04
34,50	39,04
34,52	39,07
34,55	39,13
34,57	39,13
34,60	39,23
34,62	39,30
34,65	39,41
34,67	39,52
34,70	39,67
34,72	39,81
34,74	40,03
34,77	40,20
34,79	40,43
34,82	40,58
34,84	40,80
34,87	41,00
34,89	41,22
34,92	41,40
34,94	41,63
34,96	41,81
34,99	42,10
35,01	42,39
35,04	42,69
35,06	42,98
35,09	43,34
35,11	43,68
35,14	44,10
35,16	44,45
35,18	44,72
35,21	45,09
35,23	45,44
35,26	45,77
35,28	46,12
35,31	46,47
35,33	46,87
35,36	47,32
35,38	47,68
35,40	48,14
35,43	48,58
35,45	48,99
35,48	49,30
35,50	49,55
35,53	49,75
35,55	49,94
35,57	50,00
35,60	50,00
35,62	50,00
35,65	50,00
35,67	50,00
35,70	50,00
35,72	50,00
35,75	50,00
35,77	50,00
35,79	50,00
35,82	50,00
35,84	50,00
35,87	50,00
35,89	50,00
35,92	50,00
35,94	50,00
35,97	50,00
35,99	50,00
36,01	50,00
36,04	50,00
36,06	50,00
36,09	50,00
36,11	50,00
36,14	50,00
36,16	50,00
36,19	50,00
36,21	50,00
36,23	50,00
36,26	50,00
36,28	50,00
36,31	50,00
36,33	50,00
36,36	50,00
36,38	50,00
36,41	50,00
36,43	50,00
36,45	50,00
36,48	50,00
36,50	50,00
36,53	50,00
36,55	50,00
36,58	50,00
36,60	50,00
36,62	50,00
36,65	50,00
36,67	50,00
36,70	50,00
36,72	50,00
36,75	50,00
36,77	50,00
36,80	50,00
36,82	50,00
36,84	50,00
36,87	50,00
36,89	50,00
36,92	50,00
36,94	50,00
36,97	50,00
36,99	50,00
37,02	50,00
37,04	50,00
37,06	50,00
37,09	50,00
37,11	50,00
37,14	50,00
37,16	50,00
37,19	50,00
37,21	50,00
37,24	50,00
37,26	50,00
37,28	50,00
37,31	50,00
37,33	50,00
37,36	50,00
37,38	50,00
37,41	50,00
37,43	50,00
37,46	50,00
37,48	50,00
37,50	50,00
37,53	50,00
37,55	50,00
37,58	50,00
37,60	50,00
37,63	50,00
37,65	50,00
37,68	50,00
37,70	50,00
37,72	50,00
37,75	50,00
37,77	50,00
37,80	50,00
37,82	50,00
37,85	50,00
37,87	50,00
37,89	50,00
37,92	50,00
37,94	50,00
37,97	50,00
37,99	50,00
38,02	50,00
38,04	50,00
38,07	50,00
38,09	50,00
38,11	50,00
38,14	50,00
38,16	50,00
38,19	50,00
38,21	50,00
38,24	50,00
38,26	50,00
38,29	50,00
38,31	50,00
38,33	50,00
38,36	50,00
38,38	50,00
38,41	50,00
38,43	50,00
38,46	50,00
38,48	50,00
38,51	50,00
38,53	50,00
38,55	50,00
38,58	50,00
38,60	50,00
38,63	50,00
38,65	50,00
38,68	50,00
38,70	50,00
38,73	50,00
38,75	50,00
38,77	50,00
38,80	50,00
38,82	50,00
38,85	50,00
38,87	50,00
38,90	50,00
38,92	50,00
38,94	50,00
38,97	50,00
38,99	50,00
39,02	50,00
39,04	50,00
39,07	50,00
39,09	50,00
39,12	50,00
39,14	50,00
39,16	50,00
39,19	50,00
39,21	50,00
39,24	50,00
39,26	50,00
39,29	50,00
39,31	50,00
39,34	50,00
39,36	50,00
39,38	50,00
39,41	50,00
39,43	50,00
39,46	50,00
39,48	50,00
39,51	50,00
39,53	50,00
39,56	50,00
39,58	50,00
39,60	50,00
39,63	50,00
39,65	50,00
39,68	50,00
39,70	50,00
39,73	50,00
39,75	50,00
39,78	50,00
39,80	50,00
39,82	50,00
39,85	50,00
39,87	50,00
39,90	50,00
39,92	50,00
39,95	50,00
39,97	50,00
39,99	50,00
40,02	50,00
40,04	50,00
40,07	50,00
40,09	50,00
40,12	50,00
40,14	50,00
40,17	50,00
40,19	50,00
40,21	50,00
40,24	50,00
40,26	50,00
40,29	50,00
40,31	50,00
40,34	50,00
40,36	50,00
40,39	50,00
40,41	50,00
40,43	50,00
40,46	50,00
40,48	50,00
40,51	50,00
40,53	50,00
40,56	50,00
40,58	50,00
40,61	50,00
40,63	50,00
40,65	50,00
40,68	50,00
40,70	50,00
40,73	50,00
40,75	50,00
40,78	50,00
40,80	50,00
40,83	50,00
40,85	50,00
40,87	50,00
40,90	50,00
40,92	50,00
40,95	50,00
40,97	50,00
41,00	50,00
41,02	50,00
41,05	50,00
41,07	50,00
41,09	50,00
41,12	50,00
41,14	50,00
41,17	50,00
41,19	50,00
41,22	50,00
41,24	50,00
41,26	50,00
41,29	50,00
41,31	50,00
41,34	50,00
41,36	50,00
41,39	50,00
41,41	50,00
41,44	50,00
41,46	50,00
41,48	50,00
41,51	50,00
41,53	50,00
41,56	50,00
41,58	50,00
41,61	50,00
41,63	50,00
41,66	50,00
41,68	50,00
41,70	50,00
41,73	50,00
41,75	50,00
41,78	50,00
41,80	50,00
41,83	50,00
41,85	50,00
41,88	50,00
41,90	50,00
41,92	50,00
41,95	50,00
41,97	50,00
42,00	50,00
42,02	50,00
42,05	50,00
42,07	50,00
42,10	50,00
42,12	50,00
42,14	50,00
42,17	50,00
42,19	50,00
42,22	50,00
42,24	50,00
42,27	50,00
42,29	50,00
42,31	50,00
42,34	50,00
42,36	50,00
42,39	50,00
42,41	50,00
42,44	50,00
42,46	50,00
42,49	50,00
42,51	50,00
42,53	50,00
42,56	50,00
42,58	50,00
42,61	50,00
42,63	50,00
42,66	50,00
42,68	50,00
42,71	50,00
42,73	50,00
42,75	50,00
42,78	50,00
42,80	50,00
42,83	50,00
42,85	50,00
42,88	50,00
42,90	50,00
42,93	50,00
42,95	50,00
42,97	50,00
43,00	50,00
43,02	50,00
43,05	50,00
43,07	50,00
43,10	50,00
43,12	50,00
43,15	50,00
43,17	50,00
43,19	50,00
43,22	50,00
43,24	50,00
43,27	50,00
43,29	50,00
43,32	50,00
43,34	50,00
43,36	50,00
43,39	50,00
43,41	50,00
43,44	50,00
43,46	50,00
43,49	50,00
43,51	50,00
43,54	50,00
43,56	50,00
43,58	50,00
43,61	50,00
43,63	50,00
43,66	50,00
43,68	50,00
43,71	50,00
43,73	50,00
43,76	50,00
43,78	50,00
43,80	50,00
43,83	50,00
43,85	50,00
43,88	50,00
43,90	50,00
43,93	50,00
43,95	50,00
43,98	50,00
44,00	50,00
44,02	50,00
44,05	50,00
44,07	50,00
44,10	50,00
44,12	50,00
44,15	50,00
44,17	50,00
44,20	50,00
44,22	50,00
44,24	50,00
44,27	50,00
44,29	50,00
44,32	50,00
44,34	50,00
44,37	50,00
44,39	50,00
44,41	50,00
44,44	50,00
44,46	50,00
44,49	50,00
44,51	50,00
44,54	50,00
44,56	50,00
44,59	50,00
44,61	50,00
44,63	50,00
44,66	50,00
44,68	50,00
44,71	50,00
44,73	50,00
44,76	50,00
44,78	50,00
44,81	50,00
44,83	50,00
44,85	50,00
44,88	50,00
44,90	50,00
44,93	50,00
44,95	50,00
44,98	50,00
45,00	50,00
45,03	50,00
45,05	50,00
45,07	50,00
45,10	50,00
45,12	50,00
45,15	50,00
45,17	50,00
45,20	50,00
45,22	50,00
45,25	50,00
45,27	50,00
45,29	50,00
45,32	50,00
45,34	50,00
45,37	50,00
45,39	50,00
45,42	50,00
45,44	50,00
45,47	50,00
45,49	50,00
45,51	50,00
45,54	50,00
45,56	50,00
45,59	50,00
45,61	50,00
45,64	50,00
45,66	50,00
45,68	50,00
45,71	50,00
45,73	50,00
45,76	50,00
45,78	50,00
45,81	50,00
45,83	50,00
45,86	50,00
45,88	50,00
45,90	50,00
45,93	50,00
45,95	50,00
45,98	50,00
46,00	50,00
46,03	50,00
46,05	50,00
46,08	50,00
46,10	50,00
46,12	50,00
46,15	50,00
46,17	50,00
46,20	50,00
46,22	50,00
46,25	50,00
46,27	50,00
46,30	50,00
46,32	50,00
46,34	50,00
46,37	50,00
46,39	50,00
46,42	50,00
46,44	50,00
46,47	50,00
46,49	50,00
46,52	50,00
46,54	50,00
46,56	50,00
46,59	50,00
46,61	50,00
46,64	50,00
46,66	50,00
46,69	50,00
46,71	50,00
46,73	50,00
46,76	50,00
46,78	50,00
46,81	50,00
46,83	50,00
46,86	50,00
46,88	50,00
46,91	50,00
46,93	50,00
46,95	50,00
46,98	50,00
47,00	50,00
47,03	50,00
47,05	50,00
47,08	50,00
47,10	50,00
47,13	50,00
47,15	50,00
47,17	50,00
47,20	50,00
47,22	50,00
47,25	50,00
47,27	50,00
47,30	50,00
47,32	50,00
47,35	50,00
47,37	50,00
47,39	50,00
47,42	50,00
47,44	50,00
47,47	50,00
47,49	50,00
47,52	50,00
47,54	50,00
47,57	50,00
47,59	50,00
47,61	50,00
47,64	50,00
47,66	50,00
47,69	50,00
47,71	50,00
47,74	50,00
47,76	50,00
47,78	50,00
47,81	50,00
47,83	50,00
47,86	50,00
47,88	50,00
47,91	50,00
47,93	50,00
47,96	50,00
47,98	50,00
48,00	50,00
48,03	50,00
48,05	50,00
48,08	50,00
48,10	50,00
48,13	50,00
48,15	50,00
48,18	50,00
48,20	50,00
48,22	50,00
48,25	50,00
48,27	50,00
48,30	50,00
48,32	50,00
48,35	50,00
48,37	50,00
48,40	50,00
48,42	50,00
48,44	50,00
48,47	50,00
48,49	50,00
48,52	50,00
48,54	50,00
48,57	50,00
48,59	50,00
48,62	50,00
48,64	50,00
48,66	50,00
48,69	50,00
48,71	50,00
48,74	50,00
48,76	50,00
48,79	50,00
48,81	50,00
48,84	50,00
48,86	50,00
48,88	50,00
48,91	50,00
48,93	50,00
48,96	50,00
48,98	50,00
49,01	50,00
49,03	50,00
49,05	50,00
49,08	50,00
49,10	50,00
49,13	50,00
49,15	50,00
49,18	50,00
49,20	50,00
49,23	50,00
49,25	50,00
49,27	50,00
49,30	50,00
49,32	50,00
49,35	50,00
49,37	50,00
49,40	50,00
49,42	50,00
49,45	50,00
49,47	50,00
49,49	50,00
49,52	50,00
49,54	50,00
49,57	50,00
49,59	50,00
49,62	50,00
49,64	50,00
49,67	50,00
49,69	50,00
49,71	50,00
49,74	50,00
49,76	50,00
49,79	50,00
49,81	50,00
49,84	50,00
49,86	50,00
49,89	50,00
49,91	50,00
49,93	50,00
49,96	50,00
49,98	50,00
50,01	50,00
50,03	50,00
50,06	50,00
50,08	50,00
50,10	50,00
50,13	50,00
50,15	50,00
50,18	50,00
50,20	50,00
50,23	50,00
50,25	50,00
50,28	50,00
50,30	50,00
50,32	50,00
50,35	50,00
50,37	50,00
50,40	50,00
50,42	50,00
50,45	50,00
50,47	50,00
50,50	50,00
50,52	50,00
50,54	50,00
50,57	50,00
50,59	50,00
50,62	50,00
50,64	50,00
50,67	50,00
50,69	50,00
50,72	50,00
50,74	50,00
50,76	50,00
50,79	50,00
50,81	50,00
50,84	50,00
50,86	50,00
50,89	50,00
50,91	50,00
50,94	50,00
50,96	50,00
50,98	50,00
51,01	50,00
51,03	50,00
51,06	50,00
51,08	50,00
51,11	50,00
51,13	50,00
51,15	50,00
51,18	50,00
51,20	50,00
51,23	50,00
51,25	50,00
51,28	50,00
51,30	50,00
51,33	50,00
51,35	50,00
51,37	50,00
51,40	50,00
51,42	50,00
51,45	50,00
51,47	50,00
51,50	50,00
51,52	50,00
51,55	50,00
51,57	50,00
51,59	50,00
51,62	50,00
51,64	50,00
51,67	50,00
51,69	50,00
51,72	50,00
51,74	50,00
51,77	50,00
51,79	50,00
51,81	50,00
51,84	50,00
51,86	50,00
51,89	50,00
51,91	50,00
51,94	50,00
51,96	50,00
51,99	50,00
52,01	50,00
52,03	50,00
52,06	50,00
52,08	50,00
52,11	50,00
52,13	50,00
52,16	50,00
52,18	50,00
52,20	50,00
52,23	50,00
52,25	50,00
52,28	50,00
52,30	50,00
52,33	50,00
52,35	50,00
52,38	50,00
52,40	50,00
52,42	50,00
52,45	50,00
52,47	50,00
52,50	50,00
52,52	50,00
52,55	50,00
52,57	50,00
52,60	50,00
52,62	50,00
52,64	50,00
52,67	50,00
52,69	50,00
52,72	50,00
52,74	50,00
52,77	50,00
52,79	50,00
52,82	50,00
52,84	50,00
52,86	50,00
52,89	50,00
52,91	50,00
52,94	50,00
52,96	50,00
52,99	50,00
53,01	50,00
53,04	50,00
53,06	50,00
53,08	50,00
53,11	50,00
53,13	50,00
53,16	50,00
53,18	50,00
53,21	50,00
53,23	50,00
53,26	50,00
53,28	50,00
53,30	50,00
53,33	50,00
53,35	50,00
53,38	50,00
53,40	50,00
53,43	50,00
53,45	50,00
53,47	50,00
53,50	50,00
53,52	50,00
53,55	50,00
53,57	50,00
53,60	50,00
53,62	50,00
53,65	50,00
53,67	50,00
53,69	50,00
53,72	50,00
53,74	50,00
53,77	50,00
53,79	50,00
53,82	50,00
53,84	50,00
53,87	50,00
53,89	50,00
53,91	50,00
53,94	50,00
53,96	50,00
53,99	50,00
54,01	50,00
54,04	50,00
54,06	50,00
54,09	50,00
54,11	50,00
54,13	50,00
54,16	50,00
54,18	50,00
54,21	50,00
54,23	50,00
54,26	50,00
54,28	50,00
54,31	50,00
54,33	50,00
54,35	50,00
54,38	50,00
54,40	50,00
54,43	50,00
54,45	50,00
54,48	50,00
54,50	50,00
54,52	50,00
54,55	50,00
54,57	50,00
54,60	50,00
54,62	50,00
54,65	50,00
54,67	50,00
54,70	50,00
54,72	50,00
54,74	50,00
54,77	50,00
54,79	50,00
54,82	50,00
54,84	50,00
54,87	50,00
54,89	50,00
54,92	50,00
54,94	50,00
54,96	50,00
54,99	50,00
55,01	50,00
55,04	50,00
55,06	50,00
55,09	50,00
55,11	50,00
55,14	50,00
55,16	50,00
55,18	50,00
55,21	50,00
55,23	50,00
55,26	50,00
55,28	50,00
55,31	50,00
55,33	50,00
55,36	50,00
55,38	50,00
55,40	50,00
55,43	50,00
55,45	50,00
55,48	50,00
55,50	50,00
55,53	50,00
55,55	50,00
55,57	50,00
55,60	50,00
55,62	50,00
55,65	50,00
55,67	50,00
55,70	50,00
55,72	50,00
55,75	50,00
55,77	50,00
55,79	50,00
55,82	50,00
55,84	50,00
55,87	50,00
55,89	50,00
55,92	50,00
55,94	50,00
55,97	50,00
55,99	50,00
56,01	50,00
