
U1/V	IA/nA

0,02	0,49
0,04	0,47
0,07	0,44
0,09	0,42
0,12	0,38
0,14	0,40
0,17	0,35
0,19	0,36
0,21	0,35
0,24	0,37
0,26	0,34
0,29	0,39
0,31	0,38
0,34	0,42
0,36	0,40
0,39	0,44
0,41	0,42
0,43	0,45
0,46	0,42
0,48	0,45
0,51	0,44
0,53	0,47
0,56	0,45
0,58	0,46
0,61	0,44
0,63	0,46
0,65	0,42
0,68	0,44
0,70	0,40
0,73	0,40
0,75	0,38
0,78	0,39
0,80	0,37
0,83	0,37
0,85	0,34
0,87	0,37
0,90	0,35
0,92	0,36
0,95	0,37
0,97	0,38
1,00	0,38
1,02	0,40
1,05	0,38
1,07	0,41
1,09	0,41
1,12	0,41
1,14	0,42
1,17	0,42
1,19	0,40
1,22	0,41
1,24	0,43
1,26	0,43
1,29	0,43
1,31	0,40
1,34	0,42
1,36	0,41
1,39	0,41
1,41	0,40
1,44	0,39
1,46	0,36
1,48	0,39
1,51	0,37
1,53	0,39
1,56	0,37
1,58	0,38
1,61	0,37
1,63	0,37
1,66	0,35
1,68	0,40
1,70	0,37
1,73	0,40
1,75	0,36
1,78	0,38
1,80	0,38
1,83	0,40
1,85	0,35
1,88	0,39
1,90	0,36
1,92	0,38
1,95	0,38
1,97	0,42
2,00	0,38
2,02	0,42
2,05	0,37
2,07	0,42
2,10	0,40
2,12	0,38
2,14	0,34
2,17	0,36
2,19	0,34
2,22	0,36
2,24	0,33
2,27	0,36
2,29	0,36
2,31	0,40
2,34	0,38
2,36	0,40
2,39	0,40
2,41	0,43
2,44	0,42
2,46	0,44
2,49	0,43
2,51	0,45
2,53	0,44
2,56	0,45
2,58	0,42
2,61	0,43
2,63	0,42
2,66	0,42
2,68	0,43
2,71	0,42
2,73	0,42
2,75	0,41
2,78	0,42
2,80	0,44
2,83	0,44
2,85	0,42
2,88	0,42
2,90	0,39
2,93	0,40
2,95	0,37
2,97	0,37
3,00	0,35
3,02	0,36
3,05	0,36
3,07	0,39
3,10	0,37
3,12	0,39
3,15	0,38
3,17	0,40
3,19	0,39
3,22	0,40
3,24	0,38
3,27	0,42
3,29	0,39
3,32	0,39
3,34	0,39
3,36	0,42
3,39	0,38
3,41	0,43
3,44	0,39
3,46	0,43
3,49	0,41
3,51	0,41
3,54	0,38
3,56	0,42
3,58	0,36
3,61	0,39
3,63	0,37
3,66	0,38
3,68	0,36
3,71	0,38
3,73	0,36
3,76	0,38
3,78	0,37
3,80	0,39
3,83	0,37
3,85	0,40
3,88	0,42
3,90	0,43
3,93	0,41
3,95	0,44
3,98	0,42
4,00	0,44
4,02	0,43
4,05	0,42
4,07	0,42
4,10	0,43
4,12	0,39
4,15	0,43
4,17	0,41
4,20	0,42
4,22	0,43
4,24	0,42
4,27	0,43
4,29	0,43
4,32	0,42
4,34	0,43
4,37	0,42
4,39	0,39
4,42	0,38
4,44	0,36
4,46	0,38
4,49	0,37
4,51	0,37
4,54	0,38
4,56	0,39
4,59	0,39
4,61	0,43
4,63	0,42
4,66	0,43
4,68	0,43
4,71	0,44
4,73	0,44
4,76	0,48
4,78	0,45
4,81	0,48
4,83	0,44
4,85	0,46
4,88	0,45
4,90	0,47
4,93	0,44
4,95	0,46
4,98	0,43
5,00	0,50
5,03	0,47
5,05	0,47
5,07	0,45
5,10	0,46
5,12	0,43
5,15	0,46
5,17	0,40
5,20	0,43
5,22	0,41
5,25	0,42
5,27	0,43
5,29	0,45
5,32	0,44
5,34	0,49
5,37	0,46
5,39	0,50
5,42	0,49
5,44	0,53
5,47	0,51
5,49	0,53
5,51	0,50
5,54	0,53
5,56	0,50
5,59	0,53
5,61	0,52
5,64	0,52
5,66	0,53
5,68	0,53
5,71	0,54
5,73	0,59
5,76	0,57
5,78	0,55
5,81	0,55
5,83	0,53
5,86	0,55
5,88	0,55
5,90	0,54
5,93	0,56
5,95	0,55
5,98	0,55
6,00	0,59
6,03	0,60
6,05	0,60
6,08	0,62
6,10	0,63
6,12	0,64
6,15	0,67
6,17	0,66
6,20	0,67
6,22	0,68
6,25	0,69
6,27	0,69
6,30	0,70
6,32	0,68
6,34	0,71
6,37	0,70
6,39	0,73
6,42	0,69
6,44	0,72
6,47	0,74
6,49	0,77
6,52	0,74
6,54	0,74
6,56	0,71
6,59	0,75
6,61	0,74
6,64	0,75
6,66	0,74
6,69	0,78
6,71	0,79
6,73	0,85
6,76	0,83
6,78	0,86
6,81	0,88
6,83	0,92
6,86	0,91
6,88	0,94
6,91	0,92
6,93	0,95
6,95	0,94
6,98	0,94
7,00	0,92
7,03	0,93
7,05	0,92
7,08	0,93
7,10	0,93
7,13	0,97
7,15	0,95
7,17	0,96
7,20	0,99
7,22	1,00
7,25	1,04
7,27	1,07
7,30	1,03
7,32	1,05
7,35	1,06
7,37	1,06
7,39	1,07
7,42	1,07
7,44	1,06
7,47	1,10
7,49	1,11
7,52	1,12
7,54	1,15
7,57	1,17
7,59	1,20
7,61	1,19
7,64	1,19
7,66	1,18
7,69	1,20
7,71	1,18
7,74	1,20
7,76	1,16
7,78	1,19
7,81	1,18
7,83	1,20
7,86	1,19
7,88	1,21
7,91	1,20
7,93	1,26
7,96	1,26
7,98	1,29
8,00	1,29
8,03	1,29
8,05	1,27
8,08	1,29
8,10	1,25
8,13	1,28
8,15	1,26
8,18	1,28
8,20	1,29
8,22	1,33
8,25	1,32
8,27	1,36
8,30	1,34
8,32	1,38
8,35	1,34
8,37	1,37
8,40	1,34
8,42	1,36
8,44	1,30
8,47	1,32
8,49	1,29
8,52	1,32
8,54	1,31
8,57	1,33
8,59	1,32
8,62	1,36
8,64	1,35
8,66	1,39
8,69	1,38
8,71	1,39
8,74	1,38
8,76	1,37
8,79	1,36
8,81	1,37
8,84	1,36
8,86	1,37
8,88	1,35
8,91	1,37
8,93	1,39
8,96	1,43
8,98	1,42
9,01	1,42
9,03	1,42
9,05	1,43
9,08	1,43
9,10	1,41
9,13	1,42
9,15	1,42
9,18	1,41
9,20	1,41
9,23	1,41
9,25	1,41
9,27	1,45
9,30	1,42
9,32	1,43
9,35	1,44
9,37	1,46
9,40	1,48
9,42	1,49
9,45	1,46
9,47	1,49
9,49	1,46
9,52	1,47
9,54	1,45
9,57	1,46
9,59	1,44
9,62	1,46
9,64	1,44
9,67	1,49
9,69	1,47
9,71	1,49
9,74	1,46
9,76	1,48
9,79	1,48
9,81	1,50
9,84	1,47
9,86	1,51
9,89	1,49
9,91	1,53
9,93	1,53
9,96	1,55
9,98	1,52
10,01	1,55
10,03	1,53
10,06	1,57
10,08	1,55
10,10	1,55
10,13	1,57
10,15	1,61
10,18	1,60
10,20	1,63
10,23	1,61
10,25	1,64
10,28	1,63
10,30	1,63
10,32	1,65
10,35	1,66
10,37	1,66
10,40	1,69
10,42	1,68
10,45	1,71
10,47	1,72
10,50	1,73
10,52	1,74
10,54	1,75
10,57	1,75
10,59	1,77
10,62	1,77
10,64	1,78
10,67	1,80
10,69	1,80
10,72	1,81
10,74	1,83
10,76	1,85
10,79	1,88
10,81	1,92
10,84	1,91
10,86	1,96
10,89	1,97
10,91	2,00
10,94	2,02
10,96	2,04
10,98	2,04
11,01	2,09
11,03	2,08
11,06	2,12
11,08	2,11
11,11	2,14
11,13	2,15
11,15	2,19
11,18	2,18
11,20	2,23
11,23	2,24
11,25	2,29
11,28	2,29
11,30	2,34
11,33	2,36
11,35	2,41
11,37	2,42
11,40	2,49
11,42	2,49
11,45	2,56
11,47	2,58
11,50	2,63
11,52	2,67
11,55	2,72
11,57	2,73
11,59	2,80
11,62	2,80
11,64	2,85
11,67	2,87
11,69	2,92
11,72	2,94
11,74	3,00
11,77	3,04
11,79	3,11
11,81	3,12
11,84	3,18
11,86	3,22
11,89	3,27
11,91	3,28
11,94	3,31
11,96	3,33
11,99	3,39
12,01	3,41
12,03	3,45
12,06	3,46
12,08	3,50
12,11	3,52
12,13	3,56
12,16	3,56
12,18	3,58
12,21	3,58
12,23	3,61
12,25	3,64
12,28	3,66
12,30	3,66
12,33	3,72
12,35	3,72
12,38	3,75
12,40	3,76
12,42	3,75
12,45	3,80
12,47	3,82
12,50	3,82
12,52	3,84
12,55	3,83
12,57	3,83
12,60	3,87
12,62	3,86
12,64	3,87
12,67	3,87
12,69	3,88
12,72	3,88
12,74	3,91
12,77	3,87
12,79	3,88
12,82	3,85
12,84	3,86
12,86	3,85
12,89	3,88
12,91	3,86
12,94	3,88
12,96	3,87
12,99	3,90
13,01	3,85
13,04	3,87
13,06	3,84
13,08	3,84
13,11	3,80
13,13	3,81
13,16	3,74
13,18	3,78
13,21	3,74
13,23	3,73
13,26	3,72
13,28	3,73
13,30	3,69
13,33	3,72
13,35	3,67
13,38	3,66
13,40	3,63
13,43	3,63
13,45	3,60
13,47	3,59
13,50	3,54
13,52	3,54
13,55	3,51
13,57	3,51
13,60	3,49
13,62	3,47
13,65	3,46
13,67	3,44
13,69	3,42
13,72	3,43
13,74	3,39
13,77	3,36
13,79	3,34
13,82	3,31
13,84	3,31
13,87	3,29
13,89	3,26
13,91	3,25
13,94	3,24
13,96	3,23
13,99	3,25
14,01	3,22
14,04	3,22
14,06	3,22
14,09	3,20
14,11	3,17
14,13	3,20
14,16	3,18
14,18	3,19
14,21	3,16
14,23	3,16
14,26	3,16
14,28	3,17
14,31	3,14
14,33	3,17
14,35	3,14
14,38	3,18
14,40	3,17
14,43	3,19
14,45	3,21
14,48	3,22
14,50	3,17
14,52	3,21
14,55	3,17
14,57	3,20
14,60	3,20
14,62	3,21
14,65	3,20
14,67	3,24
14,70	3,23
14,72	3,30
14,74	3,26
14,77	3,28
14,79	3,30
14,82	3,34
14,84	3,34
14,87	3,39
14,89	3,38
14,92	3,44
14,94	3,46
14,96	3,50
14,99	3,51
15,01	3,54
15,04	3,54
15,06	3,58
15,09	3,58
15,11	3,62
15,14	3,62
15,16	3,66
15,18	3,69
15,21	3,73
15,23	3,75
15,26	3,82
15,28	3,84
15,31	3,90
15,33	3,92
15,36	3,95
15,38	4,01
15,40	4,07
15,43	4,10
15,45	4,15
15,48	4,19
15,50	4,24
15,53	4,32
15,55	4,37
15,57	4,42
15,60	4,49
15,62	4,55
15,65	4,60
15,67	4,67
15,70	4,71
15,72	4,78
15,75	4,81
15,77	4,87
15,79	4,94
15,82	5,03
15,84	5,09
15,87	5,18
15,89	5,22
15,92	5,33
15,94	5,41
15,97	5,48
15,99	5,54
16,01	5,62
16,04	5,67
16,06	5,77
16,09	5,82
16,11	5,90
16,14	5,96
16,16	6,06
16,19	6,14
16,21	6,23
16,23	6,30
16,26	6,43
16,28	6,50
16,31	6,63
16,33	6,72
16,36	6,81
16,38	6,90
16,41	6,99
16,43	7,05
16,45	7,18
16,48	7,23
16,50	7,32
16,53	7,44
16,55	7,55
16,58	7,63
16,60	7,75
16,63	7,82
16,65	7,96
16,67	8,07
16,70	8,15
16,72	8,23
16,75	8,32
16,77	8,39
16,80	8,50
16,82	8,56
16,84	8,66
16,87	8,76
16,89	8,86
16,92	8,95
16,94	9,05
16,97	9,14
16,99	9,24
17,02	9,30
17,04	9,38
17,06	9,44
17,09	9,49
17,11	9,52
17,14	9,55
17,16	9,56
17,19	9,60
17,21	9,61
17,24	9,64
17,26	9,70
17,28	9,70
17,31	9,72
17,33	9,73
17,36	9,73
17,38	9,74
17,41	9,76
17,43	9,71
17,46	9,71
17,48	9,67
17,50	9,67
17,53	9,62
17,55	9,60
17,58	9,54
17,60	9,50
17,63	9,45
17,65	9,44
17,68	9,36
17,70	9,33
17,72	9,27
17,75	9,23
17,77	9,18
17,80	9,15
17,82	9,07
17,85	9,05
17,87	8,95
17,89	8,91
17,92	8,82
17,94	8,75
17,97	8,64
17,99	8,61
18,02	8,50
18,04	8,44
18,07	8,33
18,09	8,28
18,11	8,19
18,14	8,15
18,16	8,01
18,19	7,96
18,21	7,84
18,24	7,79
18,26	7,68
18,29	7,59
18,31	7,50
18,33	7,45
18,36	7,35
18,38	7,29
18,41	7,19
18,43	7,14
18,46	7,07
18,48	7,02
18,51	6,94
18,53	6,88
18,55	6,81
18,58	6,75
18,60	6,68
18,63	6,62
18,65	6,53
18,68	6,45
18,70	6,38
18,73	6,32
18,75	6,27
18,77	6,23
18,80	6,17
18,82	6,13
18,85	6,11
18,87	6,07
18,90	6,03
18,92	5,99
18,94	5,93
18,97	5,90
18,99	5,86
19,02	5,80
19,04	5,78
19,07	5,76
19,09	5,75
19,12	5,73
19,14	5,72
19,16	5,68
19,19	5,72
19,21	5,70
19,24	5,71
19,26	5,68
19,29	5,72
19,31	5,71
19,34	5,75
19,36	5,71
19,38	5,75
19,41	5,72
19,43	5,77
19,46	5,77
19,48	5,81
19,51	5,81
19,53	5,86
19,56	5,85
19,58	5,94
19,60	5,95
19,63	6,00
19,65	6,02
19,68	6,07
19,70	6,09
19,73	6,17
19,75	6,19
19,78	6,27
19,80	6,30
19,82	6,38
19,85	6,43
19,87	6,51
19,90	6,54
19,92	6,61
19,95	6,66
19,97	6,74
19,99	6,79
20,02	6,88
20,04	6,95
20,07	7,05
20,09	7,11
20,12	7,21
20,14	7,29
20,17	7,38
20,19	7,44
20,21	7,54
20,24	7,61
20,26	7,71
20,29	7,79
20,31	7,92
20,34	8,04
20,36	8,15
20,39	8,26
20,41	8,37
20,43	8,51
20,46	8,64
20,48	8,76
20,51	8,86
20,53	8,98
20,56	9,09
20,58	9,24
20,61	9,35
20,63	9,48
20,65	9,60
20,68	9,75
20,70	9,86
20,73	10,03
20,75	10,17
20,78	10,32
20,80	10,45
20,83	10,60
20,85	10,75
20,87	10,94
20,90	11,04
20,92	11,19
20,95	11,30
20,97	11,47
21,00	11,62
21,02	11,76
21,05	11,92
21,07	12,12
21,09	12,27
21,12	12,49
21,14	12,64
21,17	12,83
21,19	13,01
21,22	13,20
21,24	13,35
21,26	13,54
21,29	13,68
21,31	13,86
21,34	14,02
21,36	14,20
21,39	14,40
21,41	14,61
21,44	14,80
21,46	15,02
21,48	15,23
21,51	15,47
21,53	15,66
21,56	15,84
21,58	16,02
21,61	16,20
21,63	16,35
21,66	16,52
21,68	16,67
21,70	16,85
21,73	17,02
21,75	17,20
21,78	17,40
21,80	17,59
21,83	17,75
21,85	17,92
21,88	18,05
21,90	18,18
21,92	18,32
21,95	18,40
21,97	18,50
22,00	18,59
22,02	18,68
22,05	18,75
22,07	18,82
22,10	18,85
22,12	18,94
22,14	18,97
22,17	19,01
22,19	19,02
22,22	19,04
22,24	19,04
22,27	19,05
22,29	18,99
22,31	18,98
22,34	18,92
22,36	18,88
22,39	18,82
22,41	18,79
22,44	18,72
22,46	18,67
22,49	18,58
22,51	18,53
22,53	18,39
22,56	18,30
22,58	18,15
22,61	18,00
22,63	17,85
22,66	17,73
22,68	17,54
22,71	17,46
22,73	17,31
22,75	17,18
22,78	17,04
22,80	16,89
22,83	16,68
22,85	16,55
22,88	16,34
22,90	16,16
22,93	15,94
22,95	15,77
22,97	15,56
23,00	15,44
23,02	15,23
23,05	15,07
23,07	14,87
23,10	14,71
23,12	14,50
23,15	14,34
23,17	14,12
23,19	13,92
23,22	13,70
23,24	13,57
23,27	13,36
23,29	13,19
23,32	12,97
23,34	12,79
23,36	12,63
23,39	12,47
23,41	12,27
23,44	12,11
23,46	11,93
23,49	11,81
23,51	11,66
23,54	11,52
23,56	11,36
23,58	11,24
23,61	11,13
23,63	11,01
23,66	10,89
23,68	10,79
23,71	10,68
23,73	10,60
23,76	10,50
23,78	10,43
23,80	10,35
23,83	10,28
23,85	10,22
23,88	10,16
23,90	10,08
23,93	10,01
23,95	9,95
23,98	9,95
24,00	9,90
24,02	9,84
24,05	9,80
24,07	9,75
24,10	9,75
24,12	9,75
24,15	9,73
24,17	9,71
24,20	9,72
24,22	9,72
24,24	9,79
24,27	9,79
24,29	9,82
24,32	9,82
24,34	9,89
24,37	9,93
24,39	9,98
24,42	9,98
24,44	10,05
24,46	10,07
24,49	10,15
24,51	10,21
24,54	10,26
24,56	10,32
24,59	10,46
24,61	10,53
24,63	10,66
24,66	10,76
24,68	10,87
24,71	11,01
24,73	11,14
24,76	11,20
24,78	11,32
24,81	11,39
24,83	11,52
24,85	11,62
24,88	11,76
24,90	11,90
24,93	12,07
24,95	12,21
24,98	12,40
25,00	12,55
25,03	12,71
25,05	12,87
25,07	13,00
25,10	13,16
25,12	13,32
25,15	13,45
25,17	13,62
25,20	13,77
25,22	13,92
25,25	14,12
25,27	14,27
25,29	14,45
25,32	14,67
25,34	14,87
25,37	15,07
25,39	15,31
25,42	15,48
25,44	15,72
25,47	15,90
25,49	16,10
25,51	16,29
25,54	16,51
25,56	16,69
25,59	16,93
25,61	17,13
25,64	17,42
25,66	17,63
25,68	17,90
25,71	18,14
25,73	18,42
25,76	18,66
25,78	18,94
25,81	19,12
25,83	19,38
25,86	19,59
25,88	19,83
25,90	20,05
25,93	20,33
25,95	20,58
25,98	20,90
26,00	21,15
26,03	21,48
26,05	21,78
26,08	22,07
26,10	22,34
26,12	22,60
26,15	22,84
26,17	23,15
26,20	23,37
26,22	23,61
26,25	23,88
26,27	24,14
26,30	24,45
26,32	24,77
26,34	25,05
26,37	25,38
26,39	25,70
26,42	26,01
26,44	26,33
26,47	26,58
26,49	26,82
26,52	27,10
26,54	27,35
26,56	27,60
26,59	27,86
26,61	28,12
26,64	28,43
26,66	28,72
26,69	29,00
26,71	29,26
26,73	29,53
26,76	29,81
26,78	30,06
26,81	30,28
26,83	30,49
26,86	30,67
26,88	30,86
26,91	31,04
26,93	31,16
26,95	31,26
26,98	31,39
27,00	31,50
27,03	31,64
27,05	31,74
27,08	31,82
27,10	31,91
27,13	31,99
27,15	32,03
27,17	32,10
27,20	32,10
27,22	32,11
27,25	32,11
27,27	32,10
27,30	32,06
27,32	32,03
27,35	31,96
27,37	31,88
27,39	31,77
27,42	31,66
27,44	31,54
27,47	31,43
27,49	31,27
27,52	31,14
27,54	31,01
27,57	30,87
27,59	30,70
27,61	30,52
27,64	30,34
27,66	30,16
27,69	29,92
27,71	29,70
27,74	29,43
27,76	29,18
27,78	28,90
27,81	28,65
27,83	28,34
27,86	28,08
27,88	27,78
27,91	27,54
27,93	27,26
27,96	27,01
27,98	26,68
28,00	26,40
28,03	26,06
28,05	25,76
28,08	25,37
28,10	25,06
28,13	24,66
28,15	24,35
28,18	24,01
28,20	23,68
28,22	23,34
28,25	23,09
28,27	22,77
28,30	22,55
28,32	22,26
28,35	22,01
28,37	21,70
28,40	21,42
28,42	21,14
28,44	20,86
28,47	20,55
28,49	20,28
28,52	19,99
28,54	19,78
28,57	19,57
28,59	19,35
28,62	19,15
28,64	18,98
28,66	18,80
28,69	18,64
28,71	18,46
28,74	18,29
28,76	18,13
28,79	17,93
28,81	17,75
28,84	17,61
28,86	17,48
28,88	17,38
28,91	17,30
28,93	17,21
28,96	17,16
28,98	17,11
29,01	17,05
29,03	17,00
29,05	16,97
29,08	16,89
29,10	16,86
29,13	16,82
29,15	16,82
29,18	16,82
29,20	16,83
29,23	16,84
29,25	16,89
29,27	16,92
29,30	17,00
29,32	17,00
29,35	17,06
29,37	17,13
29,40	17,20
29,42	17,26
29,45	17,37
29,47	17,43
29,49	17,57
29,52	17,67
29,54	17,79
29,57	17,91
29,59	18,06
29,62	18,15
29,64	18,32
29,67	18,44
29,69	18,60
29,71	18,71
29,74	18,89
29,76	19,05
29,79	19,25
29,81	19,42
29,84	19,65
29,86	19,82
29,89	20,03
29,91	20,24
29,93	20,47
29,96	20,67
29,98	20,87
30,01	21,06
30,03	21,30
30,06	21,52
30,08	21,73
30,10	21,97
30,13	22,23
30,15	22,50
30,18	22,78
30,20	23,07
30,23	23,37
30,25	23,68
30,28	23,95
30,30	24,21
30,32	24,47
30,35	24,75
30,37	25,02
30,40	25,30
30,42	25,59
30,45	25,89
30,47	26,22
30,50	26,60
30,52	26,93
30,54	27,29
30,57	27,64
30,59	28,01
30,62	28,37
30,64	28,74
30,67	29,01
30,69	29,36
30,72	29,65
30,74	30,03
30,76	30,33
30,79	30,67
30,81	30,98
30,84	31,45
30,86	31,83
30,89	32,28
30,91	32,63
30,94	33,08
30,96	33,48
30,98	33,95
31,01	34,23
31,03	34,64
31,06	34,97
31,08	35,40
31,11	35,78
31,13	36,17
31,15	36,51
31,18	36,99
31,20	37,41
31,23	37,89
31,25	38,33
31,28	38,76
31,30	39,24
31,33	39,70
31,35	40,06
31,37	40,46
31,40	40,85
31,42	41,22
31,45	41,64
31,47	42,03
31,50	42,46
31,52	42,90
31,55	43,33
31,57	43,78
31,59	44,21
31,62	44,65
31,64	45,05
31,67	45,46
31,69	45,90
31,72	46,24
31,74	46,52
31,77	46,84
31,79	47,09
31,81	47,39
31,84	47,65
31,86	47,89
31,89	48,21
31,91	48,52
31,94	48,76
31,96	49,04
31,99	49,26
32,01	49,44
32,03	49,63
32,06	49,74
32,08	49,85
32,11	49,94
32,13	49,96
32,16	49,98
32,18	50,00
32,20	50,00
32,23	50,00
32,25	50,00
32,28	50,00
32,30	50,00
32,33	50,00
32,35	50,00
32,38	50,00
32,40	50,00
32,42	50,00
32,45	50,00
32,47	50,00
32,50	49,98
32,52	49,96
32,55	49,90
32,57	49,85
32,60	49,74
32,62	49,60
32,64	49,40
32,67	49,20
32,69	49,01
32,72	48,77
32,74	48,50
32,77	48,28
32,79	47,98
32,82	47,76
32,84	47,45
32,86	47,13
32,89	46,79
32,91	46,44
32,94	46,01
32,96	45,67
32,99	45,23
33,01	44,83
33,04	44,40
33,06	44,01
33,08	43,54
33,11	43,20
33,13	42,77
33,16	42,42
33,18	42,02
33,21	41,62
33,23	41,22
33,26	40,87
33,28	40,41
33,30	40,03
33,33	39,56
33,35	39,13
33,38	38,68
33,40	38,28
33,43	37,83
33,45	37,44
33,47	37,04
33,50	36,70
33,52	36,33
33,55	35,95
33,57	35,58
33,60	35,24
33,62	34,85
33,65	34,46
33,67	34,07
33,69	33,74
33,72	33,44
33,74	33,10
33,77	32,81
33,79	32,54
33,82	32,28
33,84	32,04
33,87	31,82
33,89	31,58
33,91	31,40
33,94	31,19
33,96	31,00
33,99	30,84
34,01	30,67
34,04	30,52
34,06	30,39
34,09	30,25
34,11	30,14
34,13	30,03
34,16	29,98
34,18	29,89
34,21	29,84
34,23	29,81
34,26	29,80
34,28	29,78
34,31	29,80
34,33	29,78
34,35	29,85
34,38	29,87
34,40	29,92
34,43	30,00
34,45	30,12
34,48	30,23
34,50	30,37
34,52	30,42
34,55	30,56
34,57	30,69
34,60	30,84
34,62	30,97
34,65	31,13
34,67	31,27
34,70	31,51
34,72	31,72
34,74	31,96
34,77	32,18
34,79	32,46
34,82	32,73
34,84	32,99
34,87	33,24
34,89	33,53
34,92	33,80
34,94	34,08
34,96	34,36
34,99	34,62
35,01	34,94
35,04	35,31
35,06	35,63
35,09	36,01
35,11	36,37
35,14	36,72
35,16	37,12
35,18	37,46
35,21	37,77
35,23	38,13
35,26	38,44
35,28	38,79
35,31	39,15
35,33	39,48
35,36	39,90
35,38	40,32
35,40	40,75
35,43	41,17
35,45	41,63
35,48	42,07
35,50	42,55
35,53	42,99
35,55	43,43
35,57	43,79
35,60	44,25
35,62	44,68
35,65	45,16
35,67	45,58
35,70	46,06
35,72	46,51
35,75	47,07
35,77	47,59
35,79	48,12
35,82	48,57
35,84	49,01
35,87	49,34
35,89	49,66
35,92	49,85
35,94	49,96
35,97	49,98
35,99	50,00
36,01	50,00
36,04	50,00
36,06	50,00
36,09	50,00
36,11	50,00
36,14	50,00
36,16	50,00
36,19	50,00
36,21	50,00
36,23	50,00
36,26	50,00
36,28	50,00
36,31	50,00
36,33	50,00
36,36	50,00
36,38	50,00
36,41	50,00
36,43	50,00
36,45	50,00
36,48	50,00
36,50	50,00
36,53	50,00
36,55	50,00
36,58	50,00
36,60	50,00
36,62	50,00
36,65	50,00
36,67	50,00
36,70	50,00
36,72	50,00
36,75	50,00
36,77	50,00
36,80	50,00
36,82	50,00
36,84	50,00
36,87	50,00
36,89	50,00
36,92	50,00
36,94	50,00
36,97	50,00
36,99	50,00
37,02	50,00
37,04	50,00
37,06	50,00
37,09	50,00
37,11	50,00
37,14	50,00
37,16	50,00
37,19	50,00
37,21	50,00
37,24	50,00
37,26	50,00
37,28	50,00
37,31	50,00
37,33	50,00
37,36	50,00
37,38	50,00
37,41	50,00
37,43	50,00
37,46	50,00
37,48	50,00
37,50	50,00
37,53	50,00
37,55	50,00
37,58	50,00
37,60	50,00
37,63	50,00
37,65	50,00
37,68	50,00
37,70	50,00
37,72	50,00
37,75	50,00
37,77	50,00
37,80	50,00
37,82	50,00
37,85	50,00
37,87	50,00
37,89	50,00
37,92	50,00
37,94	50,00
37,97	50,00
37,99	50,00
38,02	50,00
38,04	50,00
38,07	50,00
38,09	50,00
38,11	50,00
38,14	50,00
38,16	50,00
38,19	50,00
38,21	50,00
38,24	50,00
38,26	50,00
38,29	50,00
38,31	50,00
38,33	50,00
38,36	50,00
38,38	50,00
38,41	50,00
38,43	50,00
38,46	50,00
38,48	50,00
38,51	50,00
38,53	50,00
38,55	50,00
38,58	50,00
38,60	50,00
38,63	50,00
38,65	50,00
38,68	50,00
38,70	50,00
38,73	50,00
38,75	50,00
38,77	50,00
38,80	50,00
38,82	50,00
38,85	50,00
38,87	50,00
38,90	50,00
38,92	50,00
38,94	50,00
38,97	50,00
38,99	50,00
39,02	50,00
39,04	50,00
39,07	50,00
39,09	50,00
39,12	50,00
39,14	50,00
39,16	50,00
39,19	50,00
39,21	50,00
39,24	50,00
39,26	50,00
39,29	50,00
39,31	50,00
39,34	50,00
39,36	50,00
39,38	50,00
39,41	50,00
39,43	50,00
39,46	50,00
39,48	50,00
39,51	50,00
39,53	50,00
39,56	50,00
39,58	50,00
39,60	50,00
39,63	50,00
39,65	50,00
39,68	50,00
39,70	50,00
39,73	50,00
39,75	50,00
39,78	50,00
39,80	50,00
39,82	50,00
39,85	50,00
39,87	50,00
39,90	50,00
39,92	50,00
39,95	50,00
39,97	50,00
39,99	50,00
40,02	50,00
40,04	50,00
40,07	50,00
40,09	50,00
40,12	50,00
40,14	50,00
40,17	50,00
40,19	50,00
40,21	50,00
40,24	50,00
40,26	50,00
40,29	50,00
40,31	50,00
40,34	50,00
40,36	50,00
40,39	50,00
40,41	50,00
40,43	50,00
40,46	50,00
40,48	50,00
40,51	50,00
40,53	50,00
40,56	50,00
40,58	50,00
40,61	50,00
40,63	50,00
40,65	50,00
40,68	50,00
40,70	50,00
40,73	50,00
40,75	50,00
40,78	50,00
40,80	50,00
40,83	50,00
40,85	50,00
40,87	50,00
40,90	50,00
40,92	50,00
40,95	50,00
40,97	50,00
41,00	50,00
41,02	50,00
41,05	50,00
41,07	50,00
41,09	50,00
41,12	50,00
41,14	50,00
41,17	50,00
41,19	50,00
41,22	50,00
41,24	50,00
41,26	50,00
41,29	50,00
41,31	50,00
41,34	50,00
41,36	50,00
41,39	50,00
41,41	50,00
41,44	50,00
41,46	50,00
41,48	50,00
41,51	50,00
41,53	50,00
41,56	50,00
41,58	50,00
41,61	50,00
41,63	50,00
41,66	50,00
41,68	50,00
41,70	50,00
41,73	50,00
41,75	50,00
41,78	50,00
41,80	50,00
41,83	50,00
41,85	50,00
41,88	50,00
41,90	50,00
41,92	50,00
41,95	50,00
41,97	50,00
42,00	50,00
42,02	50,00
42,05	50,00
42,07	50,00
42,10	50,00
42,12	50,00
42,14	50,00
42,17	50,00
42,19	50,00
42,22	50,00
42,24	50,00
42,27	50,00
42,29	50,00
42,31	50,00
42,34	50,00
42,36	50,00
42,39	50,00
42,41	50,00
42,44	50,00
42,46	50,00
42,49	50,00
42,51	50,00
42,53	50,00
42,56	50,00
42,58	50,00
42,61	50,00
42,63	50,00
42,66	50,00
42,68	50,00
42,71	50,00
42,73	50,00
42,75	50,00
42,78	50,00
42,80	50,00
42,83	50,00
42,85	50,00
42,88	50,00
42,90	50,00
42,93	50,00
42,95	50,00
42,97	50,00
43,00	50,00
43,02	50,00
43,05	50,00
43,07	50,00
43,10	50,00
43,12	50,00
43,15	50,00
43,17	50,00
43,19	50,00
43,22	50,00
43,24	50,00
43,27	50,00
43,29	50,00
43,32	50,00
43,34	50,00
43,36	50,00
43,39	50,00
43,41	50,00
43,44	50,00
43,46	50,00
43,49	50,00
43,51	50,00
43,54	50,00
43,56	50,00
43,58	50,00
43,61	50,00
43,63	50,00
43,66	50,00
43,68	50,00
43,71	50,00
43,73	50,00
43,76	50,00
43,78	50,00
43,80	50,00
43,83	50,00
43,85	50,00
43,88	50,00
43,90	50,00
43,93	50,00
43,95	50,00
43,98	50,00
44,00	50,00
44,02	50,00
44,05	50,00
44,07	50,00
44,10	50,00
44,12	50,00
44,15	50,00
44,17	50,00
44,20	50,00
44,22	50,00
44,24	50,00
44,27	50,00
44,29	50,00
44,32	50,00
44,34	50,00
44,37	50,00
44,39	50,00
44,41	50,00
44,44	50,00
44,46	50,00
44,49	50,00
44,51	50,00
44,54	50,00
44,56	50,00
44,59	50,00
44,61	50,00
44,63	50,00
44,66	50,00
44,68	50,00
44,71	50,00
44,73	50,00
44,76	50,00
44,78	50,00
44,81	50,00
44,83	50,00
44,85	50,00
44,88	50,00
44,90	50,00
44,93	50,00
44,95	50,00
44,98	50,00
45,00	50,00
45,03	50,00
45,05	50,00
45,07	50,00
45,10	50,00
45,12	50,00
45,15	50,00
45,17	50,00
45,20	50,00
45,22	50,00
45,25	50,00
45,27	50,00
45,29	50,00
45,32	50,00
45,34	50,00
45,37	50,00
45,39	50,00
45,42	50,00
45,44	50,00
45,47	50,00
45,49	50,00
45,51	50,00
45,54	50,00
45,56	50,00
45,59	50,00
45,61	50,00
45,64	50,00
45,66	50,00
45,68	50,00
45,71	50,00
45,73	50,00
45,76	50,00
45,78	50,00
45,81	50,00
45,83	50,00
45,86	50,00
45,88	50,00
45,90	50,00
45,93	50,00
45,95	50,00
45,98	50,00
46,00	50,00
46,03	50,00
46,05	50,00
46,08	50,00
46,10	50,00
46,12	50,00
46,15	50,00
46,17	50,00
46,20	50,00
46,22	50,00
46,25	50,00
46,27	50,00
46,30	50,00
46,32	50,00
46,34	50,00
46,37	50,00
46,39	50,00
46,42	50,00
46,44	50,00
46,47	50,00
46,49	50,00
46,52	50,00
46,54	50,00
46,56	50,00
46,59	50,00
46,61	50,00
46,64	50,00
46,66	50,00
46,69	50,00
46,71	50,00
46,73	50,00
46,76	50,00
46,78	50,00
46,81	50,00
46,83	50,00
46,86	50,00
46,88	50,00
46,91	50,00
46,93	50,00
46,95	50,00
46,98	50,00
47,00	50,00
47,03	50,00
47,05	50,00
47,08	50,00
47,10	50,00
47,13	50,00
47,15	50,00
47,17	50,00
47,20	50,00
47,22	50,00
47,25	50,00
47,27	50,00
47,30	50,00
47,32	50,00
47,35	50,00
47,37	50,00
47,39	50,00
47,42	50,00
47,44	50,00
47,47	50,00
47,49	50,00
47,52	50,00
47,54	50,00
47,57	50,00
47,59	50,00
47,61	50,00
47,64	50,00
47,66	50,00
47,69	50,00
47,71	50,00
47,74	50,00
47,76	50,00
47,78	50,00
47,81	50,00
47,83	50,00
47,86	50,00
47,88	50,00
47,91	50,00
47,93	50,00
47,96	50,00
47,98	50,00
48,00	50,00
48,03	50,00
48,05	50,00
48,08	50,00
48,10	50,00
48,13	50,00
48,15	50,00
48,18	50,00
48,20	50,00
48,22	50,00
48,25	50,00
48,27	50,00
48,30	50,00
48,32	50,00
48,35	50,00
48,37	50,00
48,40	50,00
48,42	50,00
48,44	50,00
48,47	50,00
48,49	50,00
48,52	50,00
48,54	50,00
48,57	50,00
48,59	50,00
48,62	50,00
48,64	50,00
48,66	50,00
48,69	50,00
48,71	50,00
48,74	50,00
48,76	50,00
48,79	50,00
48,81	50,00
48,84	50,00
48,86	50,00
48,88	50,00
48,91	50,00
48,93	50,00
48,96	50,00
48,98	50,00
49,01	50,00
49,03	50,00
49,05	50,00
49,08	50,00
49,10	50,00
49,13	50,00
49,15	50,00
49,18	50,00
49,20	50,00
49,23	50,00
49,25	50,00
49,27	50,00
49,30	50,00
49,32	50,00
49,35	50,00
49,37	50,00
49,40	50,00
49,42	50,00
49,45	50,00
49,47	50,00
49,49	50,00
49,52	50,00
49,54	50,00
49,57	50,00
49,59	50,00
49,62	50,00
49,64	50,00
49,67	50,00
49,69	50,00
49,71	50,00
49,74	50,00
49,76	50,00
49,79	50,00
49,81	50,00
49,84	50,00
49,86	50,00
49,89	50,00
49,91	50,00
49,93	50,00
49,96	50,00
49,98	50,00
50,01	50,00
50,03	50,00
50,06	50,00
50,08	50,00
50,10	50,00
50,13	50,00
50,15	50,00
50,18	50,00
50,20	50,00
50,23	50,00
50,25	50,00
50,28	50,00
50,30	50,00
50,32	50,00
50,35	50,00
50,37	50,00
50,40	50,00
50,42	50,00
50,45	50,00
50,47	50,00
50,50	50,00
50,52	50,00
50,54	50,00
50,57	50,00
50,59	50,00
50,62	50,00
50,64	50,00
50,67	50,00
50,69	50,00
50,72	50,00
50,74	50,00
50,76	50,00
50,79	50,00
50,81	50,00
50,84	50,00
50,86	50,00
50,89	50,00
50,91	50,00
50,94	50,00
50,96	50,00
50,98	50,00
51,01	50,00
51,03	50,00
51,06	50,00
51,08	50,00
51,11	50,00
51,13	50,00
51,15	50,00
51,18	50,00
51,20	50,00
51,23	50,00
51,25	50,00
51,28	50,00
51,30	50,00
51,33	50,00
51,35	50,00
51,37	50,00
51,40	50,00
51,42	50,00
51,45	50,00
51,47	50,00
51,50	50,00
51,52	50,00
51,55	50,00
51,57	50,00
51,59	50,00
51,62	50,00
51,64	50,00
51,67	50,00
51,69	50,00
51,72	50,00
51,74	50,00
51,77	50,00
51,79	50,00
51,81	50,00
51,84	50,00
51,86	50,00
51,89	50,00
51,91	50,00
51,94	50,00
51,96	50,00
51,99	50,00
52,01	50,00
52,03	50,00
52,06	50,00
52,08	50,00
52,11	50,00
52,13	50,00
52,16	50,00
52,18	50,00
52,20	50,00
52,23	50,00
52,25	50,00
52,28	50,00
52,30	50,00
52,33	50,00
52,35	50,00
52,38	50,00
52,40	50,00
52,42	50,00
52,45	50,00
52,47	50,00
52,50	50,00
52,52	50,00
52,55	50,00
52,57	50,00
52,60	50,00
52,62	50,00
52,64	50,00
52,67	50,00
52,69	50,00
52,72	50,00
52,74	50,00
52,77	50,00
52,79	50,00
52,82	50,00
52,84	50,00
52,86	50,00
52,89	50,00
52,91	50,00
52,94	50,00
52,96	50,00
52,99	50,00
53,01	50,00
53,04	50,00
53,06	50,00
53,08	50,00
53,11	50,00
53,13	50,00
53,16	50,00
53,18	50,00
53,21	50,00
53,23	50,00
53,26	50,00
53,28	50,00
53,30	50,00
53,33	50,00
53,35	50,00
53,38	50,00
53,40	50,00
53,43	50,00
53,45	50,00
53,47	50,00
53,50	50,00
53,52	50,00
53,55	50,00
53,57	50,00
53,60	50,00
53,62	50,00
53,65	50,00
53,67	50,00
53,69	50,00
53,72	50,00
53,74	50,00
53,77	50,00
53,79	50,00
53,82	50,00
53,84	50,00
53,87	50,00
53,89	50,00
53,91	50,00
53,94	50,00
53,96	50,00
53,99	50,00
54,01	50,00
54,04	50,00
54,06	50,00
54,09	50,00
54,11	50,00
54,13	50,00
54,16	50,00
54,18	50,00
54,21	50,00
54,23	50,00
54,26	50,00
54,28	50,00
54,31	50,00
54,33	50,00
54,35	50,00
54,38	50,00
54,40	50,00
54,43	50,00
54,45	50,00
54,48	50,00
54,50	50,00
54,52	50,00
54,55	50,00
54,57	50,00
54,60	50,00
54,62	50,00
54,65	50,00
54,67	50,00
54,70	50,00
54,72	50,00
54,74	50,00
54,77	50,00
54,79	50,00
54,82	50,00
54,84	50,00
54,87	50,00
54,89	50,00
54,92	50,00
54,94	50,00
54,96	50,00
54,99	50,00
55,01	50,00
55,04	50,00
55,06	50,00
55,09	50,00
55,11	50,00
55,14	50,00
55,16	50,00
55,18	50,00
55,21	50,00
55,23	50,00
55,26	50,00
55,28	50,00
55,31	50,00
55,33	50,00
55,36	50,00
55,38	50,00
55,40	50,00
55,43	50,00
55,45	50,00
55,48	50,00
55,50	50,00
55,53	50,00
55,55	50,00
55,57	50,00
55,60	50,00
55,62	50,00
55,65	50,00
55,67	50,00
55,70	50,00
55,72	50,00
55,75	50,00
55,77	50,00
55,79	50,00
55,82	50,00
55,84	50,00
55,87	50,00
55,89	50,00
55,92	50,00
55,94	50,00
55,97	50,00
55,99	50,00
56,01	50,00
56,04	50,00
56,06	50,00
56,09	50,00
56,11	50,00
56,14	50,00
56,16	50,00
56,19	50,00
56,21	50,00
56,23	50,00
56,26	50,00
56,28	50,00
56,31	50,00
56,33	50,00
56,36	50,00
56,38	50,00
56,41	50,00
