Voltage U1	Corriente IA
U1/V	IA/nA

0,02	0,35
0,04	0,35
0,07	0,35
0,09	0,34
0,12	0,35
0,14	0,35
0,17	0,34
0,19	0,34
0,21	0,38
0,24	0,37
0,26	0,39
0,29	0,36
0,31	0,36
0,34	0,36
0,36	0,39
0,39	0,34
0,41	0,38
0,43	0,36
0,46	0,39
0,48	0,39
0,51	0,41
0,53	0,37
0,56	0,42
0,58	0,37
0,61	0,40
0,63	0,36
0,65	0,38
0,68	0,36
0,70	0,38
0,73	0,34
0,75	0,37
0,78	0,36
0,80	0,39
0,83	0,35
0,85	0,35
0,87	0,35
0,90	0,37
0,92	0,34
0,95	0,37
0,97	0,36
1,00	0,40
1,02	0,39
1,05	0,39
1,07	0,40
1,09	0,41
1,12	0,37
1,14	0,40
1,17	0,38
1,19	0,39
1,22	0,40
1,24	0,39
1,26	0,37
1,29	0,38
1,31	0,35
1,34	0,36
1,36	0,36
1,39	0,34
1,41	0,35
1,44	0,34
1,46	0,35
1,48	0,37
1,51	0,37
1,53	0,36
1,56	0,35
1,58	0,34
1,61	0,37
1,63	0,36
1,66	0,36
1,68	0,37
1,70	0,39
1,73	0,39
1,75	0,41
1,78	0,38
1,80	0,39
1,83	0,37
1,85	0,36
1,88	0,34
1,90	0,36
1,92	0,34
1,95	0,38
1,97	0,35
2,00	0,38
2,02	0,37
2,05	0,38
2,07	0,38
2,10	0,40
2,12	0,35
2,14	0,38
2,17	0,33
2,19	0,36
2,22	0,35
2,24	0,37
2,27	0,33
2,29	0,36
2,31	0,32
2,34	0,37
2,36	0,33
2,39	0,34
2,41	0,34
2,44	0,36
2,46	0,35
2,49	0,39
2,51	0,35
2,53	0,38
2,56	0,38
2,58	0,38
2,61	0,38
2,63	0,40
2,66	0,37
2,68	0,42
2,71	0,40
2,73	0,42
2,75	0,41
2,78	0,42
2,80	0,42
2,83	0,43
2,85	0,41
2,88	0,43
2,90	0,40
2,93	0,40
2,95	0,39
2,97	0,37
3,00	0,36
3,02	0,37
3,05	0,36
3,07	0,37
3,10	0,36
3,12	0,35
3,15	0,39
3,17	0,40
3,19	0,41
3,22	0,39
3,24	0,41
3,27	0,40
3,29	0,43
3,32	0,40
3,34	0,41
3,36	0,37
3,39	0,40
3,41	0,40
3,44	0,42
3,46	0,41
3,49	0,44
3,51	0,40
3,54	0,45
3,56	0,41
3,58	0,42
3,61	0,41
3,63	0,40
3,66	0,37
3,68	0,43
3,71	0,40
3,73	0,43
3,76	0,41
3,78	0,42
3,80	0,43
3,83	0,45
3,85	0,41
3,88	0,46
3,90	0,44
3,93	0,46
3,95	0,44
3,98	0,47
4,00	0,45
4,02	0,48
4,05	0,43
4,07	0,47
4,10	0,44
4,12	0,47
4,15	0,46
4,17	0,47
4,20	0,45
4,22	0,45
4,24	0,43
4,27	0,49
4,29	0,46
4,32	0,46
4,34	0,45
4,37	0,44
4,39	0,45
4,42	0,45
4,44	0,42
4,46	0,44
4,49	0,43
4,51	0,42
4,54	0,45
4,56	0,45
4,59	0,47
4,61	0,48
4,63	0,47
4,66	0,47
4,68	0,49
4,71	0,48
4,73	0,50
4,76	0,49
4,78	0,49
4,81	0,49
4,83	0,51
4,85	0,50
4,88	0,53
4,90	0,51
4,93	0,53
4,95	0,50
4,98	0,53
5,00	0,54
5,03	0,56
5,05	0,52
5,07	0,56
5,10	0,52
5,12	0,54
5,15	0,52
5,17	0,53
5,20	0,51
5,22	0,52
5,25	0,50
5,27	0,54
5,29	0,52
5,32	0,56
5,34	0,55
5,37	0,58
5,39	0,59
5,42	0,61
5,44	0,59
5,47	0,62
5,49	0,58
5,51	0,59
5,54	0,60
5,56	0,60
5,59	0,57
5,61	0,61
5,64	0,60
5,66	0,64
5,68	0,62
5,71	0,63
5,73	0,65
5,76	0,68
5,78	0,67
5,81	0,68
5,83	0,64
5,86	0,66
5,88	0,65
5,90	0,65
5,93	0,66
5,95	0,67
5,98	0,66
6,00	0,71
6,03	0,71
6,05	0,73
6,08	0,76
6,10	0,78
6,12	0,80
6,15	0,83
6,17	0,82
6,20	0,82
6,22	0,85
6,25	0,83
6,27	0,84
6,30	0,82
6,32	0,84
6,34	0,84
6,37	0,87
6,39	0,85
6,42	0,87
6,44	0,84
6,47	0,89
6,49	0,88
6,52	0,91
6,54	0,90
6,56	0,91
6,59	0,90
6,61	0,93
6,64	0,89
6,66	0,94
6,69	0,92
6,71	0,96
6,73	0,98
6,76	1,02
6,78	1,02
6,81	1,08
6,83	1,05
6,86	1,10
6,88	1,06
6,91	1,09
6,93	1,07
6,95	1,09
6,98	1,04
7,00	1,09
7,03	1,06
7,05	1,10
7,08	1,10
7,10	1,13
7,13	1,11
7,15	1,14
7,17	1,13
7,20	1,20
7,22	1,19
7,25	1,22
7,27	1,22
7,30	1,25
7,32	1,27
7,35	1,29
7,37	1,28
7,39	1,31
7,42	1,28
7,44	1,29
7,47	1,30
7,49	1,31
7,52	1,30
7,54	1,32
7,57	1,31
7,59	1,35
7,61	1,36
7,64	1,38
7,66	1,39
7,69	1,40
7,71	1,38
7,74	1,41
7,76	1,40
7,78	1,42
7,81	1,43
7,83	1,43
7,86	1,44
7,88	1,45
7,91	1,46
7,93	1,49
7,96	1,50
7,98	1,49
8,00	1,51
8,03	1,49
8,05	1,51
8,08	1,49
8,10	1,50
8,13	1,48
8,15	1,50
8,18	1,50
8,20	1,56
8,22	1,54
8,25	1,58
8,27	1,57
8,30	1,60
8,32	1,59
8,35	1,62
8,37	1,60
8,40	1,63
8,42	1,61
8,44	1,63
8,47	1,62
8,49	1,63
8,52	1,61
8,54	1,63
8,57	1,62
8,59	1,67
8,62	1,67
8,64	1,69
8,66	1,73
8,69	1,76
8,71	1,75
8,74	1,79
8,76	1,74
8,79	1,75
8,81	1,74
8,84	1,73
8,86	1,71
8,88	1,74
8,91	1,73
8,93	1,77
8,96	1,76
8,98	1,76
9,01	1,76
9,03	1,78
9,05	1,77
9,08	1,78
9,10	1,76
9,13	1,78
9,15	1,80
9,18	1,81
9,20	1,82
9,23	1,80
9,25	1,79
9,27	1,81
9,30	1,81
9,32	1,84
9,35	1,85
9,37	1,83
9,40	1,88
9,42	1,87
9,45	1,89
9,47	1,90
9,49	1,89
9,52	1,88
9,54	1,91
9,57	1,89
9,59	1,91
9,62	1,88
9,64	1,89
9,67	1,90
9,69	1,93
9,71	1,92
9,74	1,96
9,76	1,96
9,79	2,01
9,81	2,01
9,84	2,02
9,86	1,99
9,89	2,03
9,91	2,00
9,93	2,03
9,96	2,01
9,98	2,04
10,01	2,03
10,03	2,08
10,06	2,07
10,08	2,12
10,10	2,09
10,13	2,16
10,15	2,14
10,18	2,18
10,20	2,17
10,23	2,18
10,25	2,18
10,28	2,23
10,30	2,21
10,32	2,25
10,35	2,22
10,37	2,25
10,40	2,27
10,42	2,29
10,45	2,28
10,47	2,28
10,50	2,28
10,52	2,31
10,54	2,33
10,57	2,34
10,59	2,34
10,62	2,38
10,64	2,40
10,67	2,44
10,69	2,43
10,72	2,45
10,74	2,46
10,76	2,48
10,79	2,50
10,81	2,52
10,84	2,55
10,86	2,60
10,89	2,63
10,91	2,64
10,94	2,67
10,96	2,67
10,98	2,71
11,01	2,73
11,03	2,77
11,06	2,79
11,08	2,82
11,11	2,86
11,13	2,92
11,15	2,93
11,18	2,96
11,20	2,97
11,23	3,02
11,25	3,05
11,28	3,08
11,30	3,09
11,33	3,15
11,35	3,17
11,37	3,23
11,40	3,25
11,42	3,31
11,45	3,34
11,47	3,40
11,50	3,43
11,52	3,49
11,55	3,51
11,57	3,57
11,59	3,59
11,62	3,64
11,64	3,66
11,67	3,72
11,69	3,73
11,72	3,79
11,74	3,80
11,77	3,86
11,79	3,89
11,81	3,93
11,84	3,93
11,86	3,98
11,89	3,99
11,91	4,05
11,94	4,07
11,96	4,13
11,99	4,17
12,01	4,24
12,03	4,27
12,06	4,31
12,08	4,34
12,11	4,37
12,13	4,39
12,16	4,40
12,18	4,40
12,21	4,43
12,23	4,46
12,25	4,50
12,28	4,51
12,30	4,53
12,33	4,57
12,35	4,58
12,38	4,62
12,40	4,65
12,42	4,64
12,45	4,66
12,47	4,67
12,50	4,66
12,52	4,71
12,55	4,68
12,57	4,69
12,60	4,71
12,62	4,73
12,64	4,72
12,67	4,75
12,69	4,74
12,72	4,79
12,74	4,77
12,77	4,79
12,79	4,76
12,82	4,80
12,84	4,79
12,86	4,81
12,89	4,78
12,91	4,81
12,94	4,77
12,96	4,82
12,99	4,80
13,01	4,80
13,04	4,77
13,06	4,80
13,08	4,75
13,11	4,77
13,13	4,75
13,16	4,75
13,18	4,72
13,21	4,74
13,23	4,71
13,26	4,74
13,28	4,70
13,30	4,70
13,33	4,70
13,35	4,73
13,38	4,71
13,40	4,72
13,43	4,68
13,45	4,71
13,47	4,69
13,50	4,68
13,52	4,64
13,55	4,65
13,57	4,62
13,60	4,64
13,62	4,63
13,65	4,63
13,67	4,63
13,69	4,63
13,72	4,63
13,74	4,64
13,77	4,61
13,79	4,62
13,82	4,61
13,84	4,60
13,87	4,60
13,89	4,58
13,91	4,57
13,94	4,58
13,96	4,57
13,99	4,55
14,01	4,52
14,04	4,50
14,06	4,52
14,09	4,53
14,11	4,53
14,13	4,53
14,16	4,55
14,18	4,57
14,21	4,60
14,23	4,58
14,26	4,58
14,28	4,56
14,31	4,58
14,33	4,59
14,35	4,61
14,38	4,60
14,40	4,63
14,43	4,61
14,45	4,66
14,48	4,65
14,50	4,68
14,52	4,68
14,55	4,71
14,57	4,69
14,60	4,75
14,62	4,76
14,65	4,79
14,67	4,79
14,70	4,83
14,72	4,85
14,74	4,87
14,77	4,86
14,79	4,89
14,82	4,90
14,84	4,94
14,87	4,94
14,89	4,98
14,92	5,02
14,94	5,09
14,96	5,09
14,99	5,13
15,01	5,16
15,04	5,21
15,06	5,26
15,09	5,30
15,11	5,30
15,14	5,38
15,16	5,42
15,18	5,48
15,21	5,52
15,23	5,55
15,26	5,61
15,28	5,66
15,31	5,68
15,33	5,75
15,36	5,78
15,38	5,82
15,40	5,86
15,43	5,90
15,45	5,95
15,48	6,00
15,50	6,06
15,53	6,11
15,55	6,17
15,57	6,24
15,60	6,31
15,62	6,38
15,65	6,47
15,67	6,52
15,70	6,58
15,72	6,64
15,75	6,71
15,77	6,75
15,79	6,84
15,82	6,89
15,84	7,00
15,87	7,06
15,89	7,17
15,92	7,24
15,94	7,35
15,97	7,39
15,99	7,50
16,01	7,54
16,04	7,63
16,06	7,67
16,09	7,76
16,11	7,80
16,14	7,90
16,16	7,95
16,19	8,07
16,21	8,15
16,23	8,26
16,26	8,36
16,28	8,48
16,31	8,55
16,33	8,68
16,36	8,76
16,38	8,88
16,41	8,97
16,43	9,05
16,45	9,14
16,48	9,26
16,50	9,33
16,53	9,46
16,55	9,55
16,58	9,68
16,60	9,80
16,63	9,89
16,65	9,99
16,67	10,11
16,70	10,15
16,72	10,24
16,75	10,30
16,77	10,38
16,80	10,47
16,82	10,53
16,84	10,62
16,87	10,72
16,89	10,79
16,92	10,89
16,94	10,95
16,97	11,01
16,99	11,13
17,02	11,19
17,04	11,25
17,06	11,32
17,09	11,37
17,11	11,41
17,14	11,46
17,16	11,46
17,19	11,51
17,21	11,52
17,24	11,55
17,26	11,59
17,28	11,65
17,31	11,68
17,33	11,72
17,36	11,71
17,38	11,78
17,41	11,79
17,43	11,79
17,46	11,79
17,48	11,79
17,50	11,76
17,53	11,78
17,55	11,74
17,58	11,75
17,60	11,73
17,63	11,74
17,65	11,72
17,68	11,73
17,70	11,69
17,72	11,71
17,75	11,67
17,77	11,66
17,80	11,62
17,82	11,60
17,85	11,55
17,87	11,53
17,89	11,45
17,92	11,42
17,94	11,35
17,97	11,32
17,99	11,26
18,02	11,22
18,04	11,16
18,07	11,12
18,09	11,05
18,11	11,05
18,14	10,98
18,16	10,91
18,19	10,84
18,21	10,77
18,24	10,71
18,26	10,68
18,29	10,57
18,31	10,52
18,33	10,44
18,36	10,38
18,38	10,34
18,41	10,27
18,43	10,19
18,46	10,17
18,48	10,10
18,51	10,08
18,53	10,05
18,55	10,01
18,58	9,96
18,60	9,93
18,63	9,86
18,65	9,81
18,68	9,75
18,70	9,70
18,73	9,67
18,75	9,62
18,77	9,58
18,80	9,53
18,82	9,51
18,85	9,51
18,87	9,48
18,90	9,42
18,92	9,40
18,94	9,33
18,97	9,32
18,99	9,27
19,02	9,24
19,04	9,21
19,07	9,20
19,09	9,18
19,12	9,22
19,14	9,20
19,16	9,22
19,19	9,22
19,21	9,24
19,24	9,23
19,26	9,27
19,29	9,26
19,31	9,31
19,34	9,31
19,36	9,32
19,38	9,33
19,41	9,36
19,43	9,36
19,46	9,41
19,48	9,38
19,51	9,42
19,53	9,43
19,56	9,48
19,58	9,52
19,60	9,60
19,63	9,60
19,65	9,69
19,68	9,72
19,70	9,79
19,73	9,81
19,75	9,88
19,78	9,92
19,80	10,01
19,82	10,06
19,85	10,17
19,87	10,20
19,90	10,29
19,92	10,37
19,95	10,44
19,97	10,50
19,99	10,57
20,02	10,62
20,04	10,73
20,07	10,82
20,09	10,89
20,12	10,99
20,14	11,07
20,17	11,16
20,19	11,25
20,21	11,34
20,24	11,42
20,26	11,52
20,29	11,59
20,31	11,72
20,34	11,82
20,36	11,94
20,39	12,05
20,41	12,18
20,43	12,27
20,46	12,40
20,48	12,49
20,51	12,63
20,53	12,72
20,56	12,84
20,58	12,95
20,61	13,09
20,63	13,19
20,65	13,34
20,68	13,44
20,70	13,59
20,73	13,73
20,75	13,89
20,78	14,03
20,80	14,21
20,83	14,32
20,85	14,50
20,87	14,64
20,90	14,79
20,92	14,92
20,95	15,08
20,97	15,23
21,00	15,40
21,02	15,57
21,05	15,78
21,07	15,93
21,09	16,13
21,12	16,29
21,14	16,45
21,17	16,64
21,19	16,81
21,22	16,97
21,24	17,13
21,26	17,27
21,29	17,43
21,31	17,61
21,34	17,79
21,36	17,96
21,39	18,16
21,41	18,35
21,44	18,58
21,46	18,79
21,48	18,98
21,51	19,16
21,53	19,36
21,56	19,55
21,58	19,73
21,61	19,87
21,63	20,04
21,66	20,21
21,68	20,38
21,70	20,53
21,73	20,66
21,75	20,85
21,78	21,10
21,80	21,29
21,83	21,47
21,85	21,65
21,88	21,79
21,90	21,99
21,92	22,13
21,95	22,24
21,97	22,35
22,00	22,46
22,02	22,56
22,05	22,74
22,07	22,84
22,10	22,96
22,12	23,08
22,14	23,22
22,17	23,31
22,19	23,44
22,22	23,50
22,24	23,60
22,27	23,66
22,29	23,73
22,31	23,78
22,34	23,84
22,36	23,89
22,39	23,95
22,41	23,96
22,44	24,03
22,46	24,05
22,49	24,06
22,51	24,11
22,53	24,11
22,56	24,08
22,58	24,08
22,61	24,00
22,63	23,97
22,66	23,91
22,68	23,87
22,71	23,80
22,73	23,74
22,75	23,64
22,78	23,60
22,80	23,50
22,83	23,42
22,85	23,28
22,88	23,17
22,90	23,06
22,93	22,94
22,95	22,76
22,97	22,64
23,00	22,50
23,02	22,37
23,05	22,25
23,07	22,09
23,10	21,94
23,12	21,81
23,15	21,65
23,17	21,48
23,19	21,31
23,22	21,10
23,24	20,95
23,27	20,79
23,29	20,62
23,32	20,47
23,34	20,27
23,36	20,12
23,39	19,98
23,41	19,81
23,44	19,65
23,46	19,48
23,49	19,33
23,51	19,22
23,54	19,05
23,56	18,88
23,58	18,74
23,61	18,59
23,63	18,48
23,66	18,32
23,68	18,18
23,71	18,06
23,73	17,97
23,76	17,85
23,78	17,77
23,80	17,64
23,83	17,59
23,85	17,50
23,88	17,44
23,90	17,36
23,93	17,31
23,95	17,23
23,98	17,22
24,00	17,14
24,02	17,11
24,05	17,04
24,07	17,02
24,10	16,97
24,12	16,97
24,15	16,90
24,17	16,93
24,20	16,87
24,22	16,89
24,24	16,89
24,27	16,90
24,29	16,87
24,32	16,93
24,34	16,92
24,37	17,00
24,39	17,03
24,42	17,08
24,44	17,12
24,46	17,18
24,49	17,19
24,51	17,27
24,54	17,27
24,56	17,34
24,59	17,39
24,61	17,46
24,63	17,54
24,66	17,65
24,68	17,72
24,71	17,88
24,73	17,95
24,76	18,03
24,78	18,13
24,81	18,21
24,83	18,31
24,85	18,41
24,88	18,49
24,90	18,61
24,93	18,71
24,95	18,83
24,98	18,97
25,00	19,09
25,03	19,26
25,05	19,40
25,07	19,52
25,10	19,66
25,12	19,82
25,15	19,99
25,17	20,15
25,20	20,25
25,22	20,40
25,25	20,58
25,27	20,78
25,29	20,95
25,32	21,13
25,34	21,30
25,37	21,55
25,39	21,73
25,42	21,92
25,44	22,08
25,47	22,26
25,49	22,43
25,51	22,65
25,54	22,81
25,56	23,02
25,59	23,22
25,61	23,44
25,64	23,67
25,66	23,89
25,68	24,08
25,71	24,33
25,73	24,56
25,76	24,83
25,78	25,06
25,81	25,29
25,83	25,50
25,86	25,76
25,88	25,98
25,90	26,19
25,93	26,42
25,95	26,69
25,98	26,99
26,00	27,27
26,03	27,52
26,05	27,80
26,08	28,12
26,10	28,43
26,12	28,67
26,15	28,89
26,17	29,15
26,20	29,38
26,22	29,61
26,25	29,87
26,27	30,11
26,30	30,42
26,32	30,71
26,34	30,99
26,37	31,34
26,39	31,65
26,42	31,95
26,44	32,24
26,47	32,47
26,49	32,73
26,52	33,07
26,54	33,34
26,56	33,63
26,59	33,87
26,61	34,17
26,64	34,49
26,66	34,87
26,69	35,13
26,71	35,49
26,73	35,75
26,76	36,10
26,78	36,37
26,81	36,70
26,83	36,93
26,86	37,19
26,88	37,34
26,91	37,65
26,93	37,87
26,95	38,17
26,98	38,39
27,00	38,68
27,03	38,95
27,05	39,30
27,08	39,55
27,10	39,84
27,13	40,06
27,15	40,30
27,17	40,50
27,20	40,72
27,22	40,89
27,25	41,07
27,27	41,22
27,30	41,42
27,32	41,58
27,35	41,74
27,37	41,88
27,39	42,02
27,42	42,13
27,44	42,27
27,47	42,31
27,49	42,37
27,52	42,42
27,54	42,44
27,57	42,42
27,59	42,44
27,61	42,37
27,64	42,37
27,66	42,31
27,69	42,25
27,71	42,18
27,74	42,10
27,76	41,99
27,78	41,89
27,81	41,74
27,83	41,61
27,86	41,43
27,88	41,29
27,91	41,15
27,93	40,99
27,96	40,79
27,98	40,61
28,00	40,38
28,03	40,16
28,05	39,91
28,08	39,64
28,10	39,35
28,13	39,04
28,15	38,71
28,18	38,43
28,20	38,12
28,22	37,83
28,25	37,52
28,27	37,23
28,30	36,95
28,32	36,67
28,35	36,37
28,37	36,10
28,40	35,75
28,42	35,42
28,44	35,11
28,47	34,77
28,49	34,48
28,52	34,16
28,54	33,84
28,57	33,59
28,59	33,32
28,62	33,03
28,64	32,82
28,66	32,56
28,69	32,35
28,71	32,13
28,74	31,90
28,76	31,66
28,79	31,47
28,81	31,22
28,84	31,04
28,86	30,79
28,88	30,60
28,91	30,41
28,93	30,27
28,96	30,12
28,98	30,00
29,01	29,85
29,03	29,78
29,05	29,66
29,08	29,57
29,10	29,45
29,13	29,35
29,15	29,25
29,18	29,20
29,20	29,13
29,23	29,11
29,25	29,06
29,27	29,06
29,30	29,06
29,32	29,04
29,35	29,04
29,37	29,07
29,40	29,04
29,42	29,08
29,45	29,11
29,47	29,14
29,49	29,19
29,52	29,25
29,54	29,29
29,57	29,40
29,59	29,47
29,62	29,54
29,64	29,65
29,67	29,72
29,69	29,81
29,71	29,89
29,74	29,98
29,76	30,09
29,79	30,24
29,81	30,35
29,84	30,53
29,86	30,69
29,89	30,87
29,91	31,02
29,93	31,22
29,96	31,33
29,98	31,51
30,01	31,66
30,03	31,88
30,06	32,06
30,08	32,28
30,10	32,45
30,13	32,72
30,15	32,91
30,18	33,16
30,20	33,35
30,23	33,60
30,25	33,84
30,28	34,15
30,30	34,36
30,32	34,61
30,35	34,82
30,37	35,11
30,40	35,35
30,42	35,61
30,45	35,84
30,47	36,14
30,50	36,45
30,52	36,77
30,54	37,06
30,57	37,41
30,59	37,72
30,62	38,07
30,64	38,43
30,67	38,72
30,69	39,04
30,72	39,35
30,74	39,63
30,76	39,95
30,79	40,27
30,81	40,57
30,84	40,99
30,86	41,33
30,89	41,73
30,91	42,14
30,94	42,56
30,96	42,91
30,98	43,32
31,01	43,64
31,03	44,00
31,06	44,34
31,08	44,66
31,11	44,99
31,13	45,42
31,15	45,78
31,18	46,23
31,20	46,65
31,23	47,11
31,25	47,54
31,28	48,03
31,30	48,44
31,33	48,86
31,35	49,19
31,37	49,50
31,40	49,70
31,42	49,90
31,45	49,97
31,47	50,00
31,50	50,00
31,52	50,00
31,55	50,00
31,57	50,00
31,59	50,00
31,62	50,00
31,64	50,00
31,67	50,00
31,69	50,00
31,72	50,00
31,74	50,00
31,77	50,00
31,79	50,00
31,81	50,00
31,84	50,00
31,86	50,00
31,89	50,00
31,91	50,00
31,94	50,00
31,96	50,00
31,99	50,00
32,01	50,00
32,03	50,00
32,06	50,00
32,08	50,00
32,11	50,00
32,13	50,00
32,16	50,00
32,18	50,00
32,20	50,00
32,23	50,00
32,25	50,00
32,28	50,00
32,30	50,00
32,33	50,00
32,35	50,00
32,38	50,00
32,40	50,00
32,42	50,00
32,45	50,00
32,47	50,00
32,50	50,00
32,52	50,00
32,55	50,00
32,57	50,00
32,60	50,00
32,62	50,00
32,64	50,00
32,67	50,00
32,69	50,00
32,72	50,00
32,74	50,00
32,77	50,00
32,79	50,00
32,82	50,00
32,84	50,00
32,86	50,00
32,89	50,00
32,91	50,00
32,94	50,00
32,96	50,00
32,99	50,00
33,01	50,00
33,04	50,00
33,06	50,00
33,08	50,00
33,11	50,00
33,13	50,00
33,16	50,00
33,18	50,00
33,21	50,00
33,23	50,00
33,26	50,00
33,28	50,00
33,30	50,00
33,33	50,00
33,35	50,00
33,38	50,00
33,40	50,00
33,43	50,00
33,45	50,00
33,47	50,00
33,50	50,00
33,52	50,00
33,55	50,00
33,57	50,00
33,60	50,00
33,62	50,00
33,65	50,00
33,67	50,00
33,69	50,00
33,72	50,00
33,74	50,00
33,77	50,00
33,79	50,00
33,82	50,00
33,84	50,00
33,87	50,00
33,89	50,00
33,91	50,00
33,94	50,00
33,96	50,00
33,99	49,98
34,01	49,92
34,04	49,84
34,06	49,75
34,09	49,65
34,11	49,50
34,13	49,30
34,16	49,12
34,18	48,98
34,21	48,84
34,23	48,71
34,26	48,57
34,28	48,48
34,31	48,42
34,33	48,34
34,35	48,25
34,38	48,17
34,40	48,11
34,43	48,06
34,45	48,04
34,48	48,02
34,50	48,09
34,52	48,11
34,55	48,17
34,57	48,20
34,60	48,28
34,62	48,32
34,65	48,42
34,67	48,45
34,70	48,59
34,72	48,68
34,74	48,83
34,77	48,94
34,79	49,14
34,82	49,31
34,84	49,47
34,87	49,57
34,89	49,72
34,92	49,81
34,94	49,92
34,96	49,94
34,99	49,96
35,01	49,98
35,04	50,00
35,06	50,00
35,09	50,00
35,11	50,00
35,14	50,00
35,16	50,00
35,18	50,00
35,21	50,00
35,23	50,00
35,26	50,00
35,28	50,00
35,31	50,00
35,33	50,00
35,36	50,00
35,38	50,00
35,40	50,00
35,43	50,00
35,45	50,00
35,48	50,00
35,50	50,00
35,53	50,00
35,55	50,00
35,57	50,00
35,60	50,00
35,62	50,00
35,65	50,00
35,67	50,00
35,70	50,00
35,72	50,00
35,75	50,00
35,77	50,00
35,79	50,00
35,82	50,00
35,84	50,00
35,87	50,00
35,89	50,00
35,92	50,00
35,94	50,00
35,97	50,00
35,99	50,00
36,01	50,00
36,04	50,00
36,06	50,00
36,09	50,00
36,11	50,00
36,14	50,00
36,16	50,00
36,19	50,00
36,21	50,00
36,23	50,00
36,26	50,00
36,28	50,00
36,31	50,00
36,33	50,00
36,36	50,00
36,38	50,00
36,41	50,00
36,43	50,00
36,45	50,00
36,48	50,00
36,50	50,00
36,53	50,00
36,55	50,00
36,58	50,00
36,60	50,00
36,62	50,00
36,65	50,00
36,67	50,00
36,70	50,00
36,72	50,00
36,75	50,00
36,77	50,00
36,80	50,00
36,82	50,00
36,84	50,00
36,87	50,00
36,89	50,00
36,92	50,00
36,94	50,00
36,97	50,00
36,99	50,00
37,02	50,00
37,04	50,00
37,06	50,00
37,09	50,00
37,11	50,00
37,14	50,00
37,16	50,00
37,19	50,00
37,21	50,00
37,24	50,00
37,26	50,00
37,28	50,00
37,31	50,00
37,33	50,00
37,36	50,00
37,38	50,00
37,41	50,00
37,43	50,00
37,46	50,00
37,48	50,00
37,50	50,00
37,53	50,00
37,55	50,00
37,58	50,00
37,60	50,00
37,63	50,00
37,65	50,00
37,68	50,00
37,70	50,00
37,72	50,00
37,75	50,00
37,77	50,00
37,80	50,00
37,82	50,00
37,85	50,00
37,87	50,00
37,89	50,00
37,92	50,00
37,94	50,00
37,97	50,00
37,99	50,00
38,02	50,00
38,04	50,00
38,07	50,00
38,09	50,00
38,11	50,00
38,14	50,00
38,16	50,00
38,19	50,00
38,21	50,00
38,24	50,00
38,26	50,00
38,29	50,00
38,31	50,00
38,33	50,00
38,36	50,00
38,38	50,00
38,41	50,00
38,43	50,00
38,46	50,00
38,48	50,00
38,51	50,00
38,53	50,00
38,55	50,00
38,58	50,00
38,60	50,00
38,63	50,00
38,65	50,00
38,68	50,00
38,70	50,00
38,73	50,00
38,75	50,00
38,77	50,00
38,80	50,00
38,82	50,00
38,85	50,00
38,87	50,00
38,90	50,00
38,92	50,00
38,94	50,00
38,97	50,00
38,99	50,00
39,02	50,00
39,04	50,00
39,07	50,00
39,09	50,00
39,12	50,00
39,14	50,00
39,16	50,00
39,19	50,00
39,21	50,00
39,24	50,00
39,26	50,00
39,29	50,00
39,31	50,00
39,34	50,00
39,36	50,00
39,38	50,00
39,41	50,00
39,43	50,00
39,46	50,00
39,48	50,00
39,51	50,00
39,53	50,00
39,56	50,00
39,58	50,00
39,60	50,00
39,63	50,00
39,65	50,00
39,68	50,00
39,70	50,00
39,73	50,00
39,75	50,00
39,78	50,00
39,80	50,00
39,82	50,00
39,85	50,00
39,87	50,00
39,90	50,00
39,92	50,00
39,95	50,00
39,97	50,00
39,99	50,00
40,02	50,00
40,04	50,00
40,07	50,00
40,09	50,00
40,12	50,00
40,14	50,00
40,17	50,00
40,19	50,00
40,21	50,00
40,24	50,00
40,26	50,00
40,29	50,00
40,31	50,00
40,34	50,00
40,36	50,00
40,39	50,00
40,41	50,00
40,43	50,00
40,46	50,00
40,48	50,00
40,51	50,00
40,53	50,00
40,56	50,00
40,58	50,00
40,61	50,00
40,63	50,00
40,65	50,00
40,68	50,00
40,70	50,00
40,73	50,00
40,75	50,00
40,78	50,00
40,80	50,00
40,83	50,00
40,85	50,00
40,87	50,00
40,90	50,00
40,92	50,00
40,95	50,00
40,97	50,00
41,00	50,00
41,02	50,00
41,05	50,00
41,07	50,00
41,09	50,00
41,12	50,00
41,14	50,00
41,17	50,00
41,19	50,00
41,22	50,00
41,24	50,00
41,26	50,00
41,29	50,00
41,31	50,00
41,34	50,00
41,36	50,00
41,39	50,00
41,41	50,00
41,44	50,00
41,46	50,00
41,48	50,00
41,51	50,00
41,53	50,00
41,56	50,00
41,58	50,00
41,61	50,00
41,63	50,00
41,66	50,00
41,68	50,00
41,70	50,00
41,73	50,00
41,75	50,00
41,78	50,00
41,80	50,00
41,83	50,00
41,85	50,00
41,88	50,00
41,90	50,00
41,92	50,00
41,95	50,00
41,97	50,00
42,00	50,00
42,02	50,00
42,05	50,00
42,07	50,00
42,10	50,00
42,12	50,00
42,14	50,00
42,17	50,00
42,19	50,00
42,22	50,00
42,24	50,00
42,27	50,00
42,29	50,00
42,31	50,00
42,34	50,00
42,36	50,00
42,39	50,00
42,41	50,00
42,44	50,00
42,46	50,00
42,49	50,00
42,51	50,00
42,53	50,00
42,56	50,00
42,58	50,00
42,61	50,00
42,63	50,00
42,66	50,00
42,68	50,00
42,71	50,00
42,73	50,00
42,75	50,00
42,78	50,00
42,80	50,00
42,83	50,00
42,85	50,00
42,88	50,00
42,90	50,00
42,93	50,00
42,95	50,00
42,97	50,00
43,00	50,00
43,02	50,00
43,05	50,00
43,07	50,00
43,10	50,00
43,12	50,00
43,15	50,00
43,17	50,00
43,19	50,00
43,22	50,00
43,24	50,00
43,27	50,00
43,29	50,00
43,32	50,00
43,34	50,00
43,36	50,00
43,39	50,00
43,41	50,00
43,44	50,00
43,46	50,00
43,49	50,00
43,51	50,00
43,54	50,00
43,56	50,00
43,58	50,00
43,61	50,00
43,63	50,00
43,66	50,00
43,68	50,00
43,71	50,00
43,73	50,00
43,76	50,00
43,78	50,00
43,80	50,00
43,83	50,00
43,85	50,00
43,88	50,00
43,90	50,00
43,93	50,00
43,95	50,00
43,98	50,00
44,00	50,00
44,02	50,00
44,05	50,00
44,07	50,00
44,10	50,00
44,12	50,00
44,15	50,00
44,17	50,00
44,20	50,00
44,22	50,00
44,24	50,00
44,27	50,00
44,29	50,00
44,32	50,00
44,34	50,00
44,37	50,00
44,39	50,00
44,41	50,00
44,44	50,00
44,46	50,00
44,49	50,00
44,51	50,00
44,54	50,00
44,56	50,00
44,59	50,00
44,61	50,00
44,63	50,00
44,66	50,00
44,68	50,00
44,71	50,00
44,73	50,00
44,76	50,00
44,78	50,00
44,81	50,00
44,83	50,00
44,85	50,00
44,88	50,00
44,90	50,00
44,93	50,00
44,95	50,00
44,98	50,00
45,00	50,00
45,03	50,00
45,05	50,00
45,07	50,00
45,10	50,00
45,12	50,00
45,15	50,00
45,17	50,00
45,20	50,00
45,22	50,00
45,25	50,00
45,27	50,00
45,29	50,00
45,32	50,00
45,34	50,00
45,37	50,00
45,39	50,00
45,42	50,00
45,44	50,00
45,47	50,00
45,49	50,00
45,51	50,00
45,54	50,00
45,56	50,00
45,59	50,00
45,61	50,00
45,64	50,00
45,66	50,00
45,68	50,00
45,71	50,00
45,73	50,00
45,76	50,00
45,78	50,00
45,81	50,00
45,83	50,00
45,86	50,00
45,88	50,00
45,90	50,00
45,93	50,00
45,95	50,00
45,98	50,00
46,00	50,00
46,03	50,00
46,05	50,00
46,08	50,00
46,10	50,00
46,12	50,00
46,15	50,00
46,17	50,00
46,20	50,00
46,22	50,00
46,25	50,00
46,27	50,00
46,30	50,00
46,32	50,00
46,34	50,00
46,37	50,00
46,39	50,00
46,42	50,00
46,44	50,00
46,47	50,00
46,49	50,00
46,52	50,00
46,54	50,00
46,56	50,00
46,59	50,00
46,61	50,00
46,64	50,00
46,66	50,00
46,69	50,00
46,71	50,00
46,73	50,00
46,76	50,00
46,78	50,00
46,81	50,00
46,83	50,00
46,86	50,00
46,88	50,00
46,91	50,00
46,93	50,00
46,95	50,00
46,98	50,00
47,00	50,00
47,03	50,00
47,05	50,00
47,08	50,00
47,10	50,00
47,13	50,00
47,15	50,00
47,17	50,00
47,20	50,00
47,22	50,00
47,25	50,00
47,27	50,00
47,30	50,00
47,32	50,00
47,35	50,00
47,37	50,00
47,39	50,00
47,42	50,00
47,44	50,00
47,47	50,00
47,49	50,00
47,52	50,00
47,54	50,00
47,57	50,00
47,59	50,00
47,61	50,00
47,64	50,00
47,66	50,00
47,69	50,00
47,71	50,00
47,74	50,00
47,76	50,00
47,78	50,00
47,81	50,00
47,83	50,00
47,86	50,00
47,88	50,00
47,91	50,00
47,93	50,00
47,96	50,00
47,98	50,00
48,00	50,00
48,03	50,00
48,05	50,00
48,08	50,00
48,10	50,00
48,13	50,00
48,15	50,00
48,18	50,00
48,20	50,00
48,22	50,00
48,25	50,00
48,27	50,00
48,30	50,00
48,32	50,00
48,35	50,00
48,37	50,00
48,40	50,00
48,42	50,00
48,44	50,00
48,47	50,00
48,49	50,00
48,52	50,00
48,54	50,00
48,57	50,00
48,59	50,00
48,62	50,00
48,64	50,00
48,66	50,00
48,69	50,00
48,71	50,00
48,74	50,00
48,76	50,00
48,79	50,00
48,81	50,00
48,84	50,00
48,86	50,00
48,88	50,00
48,91	50,00
48,93	50,00
48,96	50,00
48,98	50,00
49,01	50,00
49,03	50,00
49,05	50,00
49,08	50,00
49,10	50,00
49,13	50,00
49,15	50,00
49,18	50,00
49,20	50,00
49,23	50,00
49,25	50,00
49,27	50,00
49,30	50,00
49,32	50,00
49,35	50,00
49,37	50,00
49,40	50,00
49,42	50,00
49,45	50,00
49,47	50,00
49,49	50,00
49,52	50,00
49,54	50,00
49,57	50,00
49,59	50,00
49,62	50,00
49,64	50,00
49,67	50,00
49,69	50,00
49,71	50,00
49,74	50,00
49,76	50,00
49,79	50,00
49,81	50,00
49,84	50,00
49,86	50,00
49,89	50,00
49,91	50,00
49,93	50,00
49,96	50,00
49,98	50,00
50,01	50,00
50,03	50,00
50,06	50,00
50,08	50,00
50,10	50,00
50,13	50,00
50,15	50,00
50,18	50,00
50,20	50,00
50,23	50,00
50,25	50,00
50,28	50,00
50,30	50,00
50,32	50,00
50,35	50,00
50,37	50,00
50,40	50,00
50,42	50,00
50,45	50,00
50,47	50,00
50,50	50,00
50,52	50,00
50,54	50,00
50,57	50,00
50,59	50,00
50,62	50,00
50,64	50,00
50,67	50,00
50,69	50,00
50,72	50,00
50,74	50,00
50,76	50,00
50,79	50,00
50,81	50,00
50,84	50,00
50,86	50,00
50,89	50,00
50,91	50,00
50,94	50,00
50,96	50,00
50,98	50,00
51,01	50,00
51,03	50,00
51,06	50,00
51,08	50,00
51,11	50,00
51,13	50,00
51,15	50,00
51,18	50,00
51,20	50,00
51,23	50,00
51,25	50,00
51,28	50,00
51,30	50,00
51,33	50,00
51,35	50,00
51,37	50,00
51,40	50,00
51,42	50,00
51,45	50,00
51,47	50,00
51,50	50,00
51,52	50,00
51,55	50,00
51,57	50,00
51,59	50,00
51,62	50,00
51,64	50,00
51,67	50,00
51,69	50,00
51,72	50,00
51,74	50,00
51,77	50,00
51,79	50,00
51,81	50,00
51,84	50,00
51,86	50,00
51,89	50,00
51,91	50,00
51,94	50,00
51,96	50,00
51,99	50,00
52,01	50,00
52,03	50,00
52,06	50,00
52,08	50,00
52,11	50,00
52,13	50,00
52,16	50,00
52,18	50,00
52,20	50,00
52,23	50,00
52,25	50,00
52,28	50,00
52,30	50,00
52,33	50,00
52,35	50,00
52,38	50,00
52,40	50,00
52,42	50,00
52,45	50,00
52,47	50,00
52,50	50,00
52,52	50,00
52,55	50,00
52,57	50,00
52,60	50,00
52,62	50,00
52,64	50,00
52,67	50,00
52,69	50,00
52,72	50,00
52,74	50,00
52,77	50,00
52,79	50,00
52,82	50,00
52,84	50,00
52,86	50,00
52,89	50,00
52,91	50,00
52,94	50,00
52,96	50,00
52,99	50,00
53,01	50,00
53,04	50,00
53,06	50,00
53,08	50,00
53,11	50,00
53,13	50,00
53,16	50,00
53,18	50,00
53,21	50,00
53,23	50,00
53,26	50,00
53,28	50,00
53,30	50,00
53,33	50,00
53,35	50,00
53,38	50,00
53,40	50,00
53,43	50,00
53,45	50,00
53,47	50,00
53,50	50,00
53,52	50,00
53,55	50,00
53,57	50,00
53,60	50,00
53,62	50,00
53,65	50,00
53,67	50,00
53,69	50,00
53,72	50,00
53,74	50,00
53,77	50,00
53,79	50,00
53,82	50,00
53,84	50,00
53,87	50,00
53,89	50,00
53,91	50,00
53,94	50,00
53,96	50,00
53,99	50,00
54,01	50,00
54,04	50,00
54,06	50,00
54,09	50,00
54,11	50,00
54,13	50,00
54,16	50,00
54,18	50,00
54,21	50,00
54,23	50,00
54,26	50,00
54,28	50,00
54,31	50,00
54,33	50,00
54,35	50,00
54,38	50,00
54,40	50,00
54,43	50,00
54,45	50,00
54,48	50,00
54,50	50,00
54,52	50,00
54,55	50,00
54,57	50,00
54,60	50,00
54,62	50,00
54,65	50,00
54,67	50,00
54,70	50,00
54,72	50,00
54,74	50,00
54,77	50,00
54,79	50,00
54,82	50,00
54,84	50,00
54,87	50,00
54,89	50,00
54,92	50,00
54,94	50,00
54,96	50,00
54,99	50,00
55,01	50,00
55,04	50,00
55,06	50,00
55,09	50,00
55,11	50,00
55,14	50,00
55,16	50,00
55,18	50,00
55,21	50,00
55,23	50,00
55,26	50,00
55,28	50,00
55,31	50,00
55,33	50,00
55,36	50,00
55,38	50,00
55,40	50,00
55,43	50,00
55,45	50,00
