Voltage U1	Corriente IA
U1/V	IA/nA

0,02	0,42
0,04	0,41
0,07	0,39
0,09	0,40
0,12	0,39
0,14	0,39
0,17	0,33
0,19	0,35
0,21	0,35
0,24	0,37
0,26	0,34
0,29	0,38
0,31	0,37
0,34	0,41
0,36	0,40
0,39	0,41
0,41	0,38
0,43	0,43
0,46	0,36
0,48	0,39
0,51	0,39
0,53	0,38
0,56	0,36
0,58	0,38
0,61	0,38
0,63	0,40
0,65	0,39
0,68	0,43
0,70	0,44
0,73	0,45
0,75	0,45
0,78	0,41
0,80	0,43
0,83	0,44
0,85	0,43
0,87	0,39
0,90	0,37
0,92	0,36
0,95	0,41
0,97	0,37
1,00	0,37
1,02	0,37
1,05	0,41
1,07	0,40
1,09	0,41
1,12	0,39
1,14	0,42
1,17	0,38
1,19	0,38
1,22	0,38
1,24	0,40
1,26	0,40
1,29	0,42
1,31	0,38
1,34	0,43
1,36	0,40
1,39	0,41
1,41	0,44
1,44	0,48
1,46	0,44
1,48	0,46
1,51	0,39
1,53	0,40
1,56	0,38
1,58	0,39
1,61	0,33
1,63	0,35
1,66	0,35
1,68	0,41
1,70	0,37
1,73	0,38
1,75	0,38
1,78	0,42
1,80	0,40
1,83	0,40
1,85	0,38
1,88	0,43
1,90	0,44
1,92	0,44
1,95	0,43
1,97	0,44
2,00	0,42
2,02	0,45
2,05	0,42
2,07	0,44
2,10	0,42
2,12	0,40
2,14	0,43
2,17	0,46
2,19	0,42
2,22	0,45
2,24	0,39
2,27	0,38
2,29	0,36
2,31	0,32
2,34	0,28
2,36	0,30
2,39	0,29
2,41	0,32
2,44	0,31
2,46	0,32
2,49	0,32
2,51	0,34
2,53	0,38
2,56	0,36
2,58	0,35
2,61	0,38
2,63	0,39
2,66	0,41
2,68	0,42
2,71	0,36
2,73	0,36
2,75	0,36
2,78	0,36
2,80	0,36
2,83	0,36
2,85	0,34
2,88	0,40
2,90	0,39
2,93	0,41
2,95	0,38
2,97	0,38
3,00	0,37
3,02	0,39
3,05	0,35
3,07	0,39
3,10	0,35
3,12	0,38
3,15	0,34
3,17	0,38
3,19	0,33
3,22	0,37
3,24	0,34
3,27	0,39
3,29	0,37
3,32	0,42
3,34	0,39
3,36	0,44
3,39	0,40
3,41	0,44
3,44	0,40
3,46	0,43
3,49	0,40
3,51	0,43
3,54	0,40
3,56	0,43
3,58	0,40
3,61	0,48
3,63	0,44
3,66	0,46
3,68	0,44
3,71	0,43
3,73	0,42
3,76	0,46
3,78	0,38
3,80	0,39
3,83	0,37
3,85	0,36
3,88	0,39
3,90	0,38
3,93	0,33
3,95	0,36
3,98	0,35
4,00	0,37
4,02	0,39
4,05	0,40
4,07	0,41
4,10	0,42
4,12	0,39
4,15	0,39
4,17	0,39
4,20	0,39
4,22	0,40
4,24	0,38
4,27	0,37
4,29	0,37
4,32	0,40
4,34	0,42
4,37	0,40
4,39	0,37
4,42	0,41
4,44	0,40
4,46	0,43
4,49	0,42
4,51	0,41
4,54	0,41
4,56	0,43
4,59	0,38
4,61	0,43
4,63	0,40
4,66	0,40
4,68	0,38
4,71	0,42
4,73	0,40
4,76	0,43
4,78	0,40
4,81	0,45
4,83	0,45
4,85	0,48
4,88	0,45
4,90	0,44
4,93	0,42
4,95	0,46
4,98	0,42
5,00	0,44
5,03	0,44
5,05	0,44
5,07	0,46
5,10	0,48
5,12	0,44
5,15	0,45
5,17	0,40
5,20	0,40
5,22	0,37
5,25	0,37
5,27	0,36
5,29	0,36
5,32	0,34
5,34	0,38
5,37	0,35
5,39	0,39
5,42	0,41
5,44	0,43
5,47	0,41
5,49	0,44
5,51	0,42
5,54	0,46
5,56	0,46
5,59	0,47
5,61	0,47
5,64	0,47
5,66	0,46
5,68	0,50
5,71	0,48
5,73	0,51
5,76	0,50
5,78	0,48
5,81	0,52
5,83	0,51
5,86	0,52
5,88	0,55
5,90	0,54
5,93	0,51
5,95	0,50
5,98	0,50
6,00	0,53
6,03	0,48
6,05	0,48
6,08	0,47
6,10	0,50
6,12	0,50
6,15	0,53
6,17	0,52
6,20	0,54
6,22	0,52
6,25	0,53
6,27	0,53
6,30	0,57
6,32	0,55
6,34	0,59
6,37	0,55
6,39	0,57
6,42	0,56
6,44	0,58
6,47	0,54
6,49	0,60
6,52	0,56
6,54	0,61
6,56	0,58
6,59	0,60
6,61	0,60
6,64	0,65
6,66	0,60
6,69	0,63
6,71	0,62
6,73	0,68
6,76	0,63
6,78	0,65
6,81	0,62
6,83	0,66
6,86	0,63
6,88	0,65
6,91	0,62
6,93	0,66
6,95	0,64
6,98	0,70
7,00	0,69
7,03	0,73
7,05	0,71
7,08	0,78
7,10	0,75
7,13	0,80
7,15	0,78
7,17	0,80
7,20	0,79
7,22	0,82
7,25	0,78
7,27	0,84
7,30	0,84
7,32	0,85
7,35	0,84
7,37	0,86
7,39	0,86
7,42	0,90
7,44	0,90
7,47	0,90
7,49	0,88
7,52	0,89
7,54	0,90
7,57	0,92
7,59	0,93
7,61	0,91
7,64	0,91
7,66	0,93
7,69	0,95
7,71	0,94
7,74	0,95
7,76	0,94
7,78	0,95
7,81	0,95
7,83	0,96
7,86	0,95
7,88	0,98
7,91	0,96
7,93	0,98
7,96	0,98
7,98	0,99
8,00	0,99
8,03	1,01
8,05	0,96
8,08	0,98
8,10	0,98
8,13	1,02
8,15	1,02
8,18	1,08
8,20	1,08
8,22	1,10
8,25	1,07
8,27	1,09
8,30	1,07
8,32	1,06
8,35	1,02
8,37	1,04
8,40	1,03
8,42	1,08
8,44	1,05
8,47	1,07
8,49	1,07
8,52	1,09
8,54	1,09
8,57	1,10
8,59	1,08
8,62	1,09
8,64	1,08
8,66	1,14
8,69	1,12
8,71	1,13
8,74	1,13
8,76	1,15
8,79	1,12
8,81	1,15
8,84	1,11
8,86	1,13
8,88	1,11
8,91	1,13
8,93	1,10
8,96	1,12
8,98	1,08
9,01	1,10
9,03	1,08
9,05	1,06
9,08	1,05
9,10	1,07
9,13	1,07
9,15	1,08
9,18	1,05
9,20	1,06
9,23	1,07
9,25	1,08
9,27	1,12
9,30	1,10
9,32	1,11
9,35	1,12
9,37	1,14
9,40	1,16
9,42	1,16
9,45	1,10
9,47	1,13
9,49	1,11
9,52	1,13
9,54	1,11
9,57	1,10
9,59	1,12
9,62	1,15
9,64	1,12
9,67	1,17
9,69	1,12
9,71	1,13
9,74	1,13
9,76	1,12
9,79	1,09
9,81	1,14
9,84	1,11
9,86	1,15
9,89	1,12
9,91	1,14
9,93	1,11
9,96	1,15
9,98	1,13
10,01	1,16
10,03	1,16
10,06	1,20
10,08	1,16
10,10	1,23
10,13	1,23
10,15	1,22
10,18	1,21
10,20	1,23
10,23	1,19
10,25	1,25
10,28	1,19
10,30	1,20
10,32	1,20
10,35	1,25
10,37	1,22
10,40	1,26
10,42	1,22
10,45	1,26
10,47	1,26
10,50	1,32
10,52	1,28
10,54	1,30
10,57	1,31
10,59	1,35
10,62	1,37
10,64	1,37
10,67	1,34
10,69	1,33
10,72	1,34
10,74	1,37
10,76	1,38
10,79	1,38
10,81	1,37
10,84	1,39
10,86	1,43
10,89	1,44
10,91	1,43
10,94	1,45
10,96	1,46
10,98	1,48
11,01	1,53
11,03	1,52
11,06	1,56
11,08	1,60
11,11	1,61
11,13	1,63
11,15	1,65
11,18	1,63
11,20	1,70
11,23	1,70
11,25	1,71
11,28	1,73
11,30	1,77
11,33	1,80
11,35	1,86
11,37	1,84
11,40	1,88
11,42	1,86
11,45	1,91
11,47	1,95
11,50	2,00
11,52	2,01
11,55	2,06
11,57	2,06
11,59	2,14
11,62	2,13
11,64	2,17
11,67	2,16
11,69	2,20
11,72	2,24
11,74	2,32
11,77	2,33
11,79	2,42
11,81	2,41
11,84	2,48
11,86	2,49
11,89	2,52
11,91	2,52
11,94	2,61
11,96	2,60
11,99	2,67
12,01	2,71
12,03	2,78
12,06	2,80
12,08	2,84
12,11	2,80
12,13	2,84
12,16	2,82
12,18	2,85
12,21	2,84
12,23	2,87
12,25	2,88
12,28	2,92
12,30	2,93
12,33	3,00
12,35	2,98
12,38	3,01
12,40	3,02
12,42	3,01
12,45	3,03
12,47	3,07
12,50	3,04
12,52	3,08
12,55	3,08
12,57	3,11
12,60	3,16
12,62	3,16
12,64	3,16
12,67	3,20
12,69	3,21
12,72	3,20
12,74	3,20
12,77	3,13
12,79	3,14
12,82	3,11
12,84	3,06
12,86	3,05
12,89	3,06
12,91	3,06
12,94	3,15
12,96	3,11
12,99	3,13
13,01	3,14
13,04	3,14
13,06	3,13
13,08	3,12
13,11	3,06
13,13	3,07
13,16	3,03
13,18	3,03
13,21	3,00
13,23	3,00
13,26	2,97
13,28	2,98
13,30	2,95
13,33	2,97
13,35	2,93
13,38	2,97
13,40	2,94
13,43	2,94
13,45	2,91
13,47	2,91
13,50	2,85
13,52	2,87
13,55	2,77
13,57	2,75
13,60	2,72
13,62	2,73
13,65	2,68
13,67	2,72
13,69	2,65
13,72	2,69
13,74	2,66
13,77	2,64
13,79	2,58
13,82	2,56
13,84	2,49
13,87	2,49
13,89	2,44
13,91	2,43
13,94	2,39
13,96	2,41
13,99	2,41
14,01	2,41
14,04	2,39
14,06	2,40
14,09	2,36
14,11	2,38
14,13	2,37
14,16	2,36
14,18	2,36
14,21	2,35
14,23	2,32
14,26	2,34
14,28	2,31
14,31	2,28
14,33	2,27
14,35	2,26
14,38	2,22
14,40	2,22
14,43	2,22
14,45	2,23
14,48	2,23
14,50	2,21
14,52	2,22
14,55	2,20
14,57	2,21
14,60	2,20
14,62	2,19
14,65	2,16
14,67	2,16
14,70	2,14
14,72	2,18
14,74	2,17
14,77	2,18
14,79	2,17
14,82	2,19
14,84	2,19
14,87	2,23
14,89	2,22
14,92	2,26
14,94	2,25
14,96	2,30
14,99	2,31
15,01	2,34
15,04	2,31
15,06	2,37
15,09	2,32
15,11	2,38
15,14	2,35
15,16	2,40
15,18	2,40
15,21	2,46
15,23	2,44
15,26	2,52
15,28	2,50
15,31	2,56
15,33	2,55
15,36	2,56
15,38	2,56
15,40	2,63
15,43	2,63
15,45	2,71
15,48	2,71
15,50	2,76
15,53	2,84
15,55	2,93
15,57	2,98
15,60	3,07
15,62	3,09
15,65	3,17
15,67	3,21
15,70	3,26
15,72	3,27
15,75	3,31
15,77	3,30
15,79	3,37
15,82	3,40
15,84	3,47
15,87	3,54
15,89	3,58
15,92	3,64
15,94	3,72
15,97	3,80
15,99	3,89
16,01	3,92
16,04	3,97
16,06	4,05
16,09	4,10
16,11	4,17
16,14	4,21
16,16	4,27
16,19	4,37
16,21	4,44
16,23	4,49
16,26	4,62
16,28	4,72
16,31	4,83
16,33	4,93
16,36	5,01
16,38	5,07
16,41	5,20
16,43	5,24
16,45	5,32
16,48	5,39
16,50	5,48
16,53	5,58
16,55	5,69
16,58	5,75
16,60	5,86
16,63	5,95
16,65	6,08
16,67	6,14
16,70	6,21
16,72	6,33
16,75	6,43
16,77	6,51
16,80	6,60
16,82	6,64
16,84	6,75
16,87	6,83
16,89	6,89
16,92	6,99
16,94	7,08
16,97	7,14
16,99	7,27
17,02	7,33
17,04	7,43
17,06	7,51
17,09	7,57
17,11	7,62
17,14	7,72
17,16	7,74
17,19	7,80
17,21	7,82
17,24	7,87
17,26	7,88
17,28	7,91
17,31	7,92
17,33	7,96
17,36	7,97
17,38	7,99
17,41	7,97
17,43	7,99
17,46	8,03
17,48	8,02
17,50	7,98
17,53	8,00
17,55	7,94
17,58	7,96
17,60	7,93
17,63	7,85
17,65	7,88
17,68	7,84
17,70	7,75
17,72	7,76
17,75	7,68
17,77	7,64
17,80	7,63
17,82	7,55
17,85	7,49
17,87	7,46
17,89	7,39
17,92	7,33
17,94	7,27
17,97	7,19
17,99	7,14
18,02	7,04
18,04	6,95
18,07	6,84
18,09	6,80
18,11	6,71
18,14	6,64
18,16	6,51
18,19	6,52
18,21	6,43
18,24	6,37
18,26	6,26
18,29	6,16
18,31	6,07
18,33	5,99
18,36	5,86
18,38	5,78
18,41	5,67
18,43	5,60
18,46	5,52
18,48	5,46
18,51	5,38
18,53	5,33
18,55	5,24
18,58	5,22
18,60	5,11
18,63	5,03
18,65	4,93
18,68	4,88
18,70	4,78
18,73	4,77
18,75	4,63
18,77	4,61
18,80	4,54
18,82	4,50
18,85	4,42
18,87	4,39
18,90	4,27
18,92	4,28
18,94	4,20
18,97	4,16
18,99	4,06
19,02	4,03
19,04	3,93
19,07	3,91
19,09	3,85
19,12	3,85
19,14	3,78
19,16	3,79
19,19	3,76
19,21	3,78
19,24	3,73
19,26	3,71
19,29	3,64
19,31	3,68
19,34	3,64
19,36	3,65
19,38	3,63
19,41	3,63
19,43	3,63
19,46	3,66
19,48	3,63
19,51	3,64
19,53	3,62
19,56	3,62
19,58	3,62
19,60	3,63
19,63	3,62
19,65	3,66
19,68	3,69
19,70	3,68
19,73	3,71
19,75	3,71
19,78	3,77
19,80	3,80
19,82	3,85
19,85	3,86
19,87	3,89
19,90	3,92
19,92	3,99
19,95	4,00
19,97	4,05
19,99	4,08
20,02	4,15
20,04	4,24
20,07	4,32
20,09	4,37
20,12	4,47
20,14	4,51
20,17	4,58
20,19	4,66
20,21	4,71
20,24	4,75
20,26	4,85
20,29	4,86
20,31	4,98
20,34	5,07
20,36	5,14
20,39	5,23
20,41	5,36
20,43	5,43
20,46	5,59
20,48	5,66
20,51	5,77
20,53	5,86
20,56	6,00
20,58	6,07
20,61	6,15
20,63	6,23
20,65	6,35
20,68	6,41
20,70	6,55
20,73	6,63
20,75	6,78
20,78	6,94
20,80	7,09
20,83	7,23
20,85	7,41
20,87	7,54
20,90	7,69
20,92	7,83
20,95	7,92
20,97	8,03
21,00	8,17
21,02	8,30
21,05	8,45
21,07	8,63
21,09	8,77
21,12	8,98
21,14	9,13
21,17	9,29
21,19	9,47
21,22	9,63
21,24	9,77
21,26	9,91
21,29	10,05
21,31	10,24
21,34	10,39
21,36	10,56
21,39	10,72
21,41	10,88
21,44	11,07
21,46	11,29
21,48	11,47
21,51	11,70
21,53	11,86
21,56	12,05
21,58	12,25
21,61	12,43
21,63	12,57
21,66	12,77
21,68	12,89
21,70	13,09
21,73	13,26
21,75	13,47
21,78	13,66
21,80	13,85
21,83	14,01
21,85	14,23
21,88	14,37
21,90	14,54
21,92	14,69
21,95	14,80
21,97	14,93
22,00	15,07
22,02	15,12
22,05	15,25
22,07	15,32
22,10	15,39
22,12	15,52
22,14	15,60
22,17	15,63
22,19	15,73
22,22	15,77
22,24	15,83
22,27	15,85
22,29	15,85
22,31	15,84
22,34	15,87
22,36	15,84
22,39	15,84
22,41	15,81
22,44	15,80
22,46	15,73
22,49	15,68
22,51	15,60
22,53	15,52
22,56	15,40
22,58	15,33
22,61	15,17
22,63	15,10
22,66	14,99
22,68	14,86
22,71	14,75
22,73	14,63
22,75	14,44
22,78	14,35
22,80	14,14
22,83	13,95
22,85	13,79
22,88	13,60
22,90	13,39
22,93	13,22
22,95	13,00
22,97	12,86
23,00	12,69
23,02	12,51
23,05	12,31
23,07	12,14
23,10	11,94
23,12	11,77
23,15	11,54
23,17	11,36
23,19	11,14
23,22	10,93
23,24	10,74
23,27	10,50
23,29	10,29
23,32	10,11
23,34	9,91
23,36	9,73
23,39	9,55
23,41	9,35
23,44	9,22
23,46	9,02
23,49	8,85
23,51	8,65
23,54	8,47
23,56	8,30
23,58	8,16
23,61	7,97
23,63	7,83
23,66	7,65
23,68	7,54
23,71	7,40
23,73	7,30
23,76	7,16
23,78	7,09
23,80	6,97
23,83	6,89
23,85	6,79
23,88	6,72
23,90	6,60
23,93	6,55
23,95	6,41
23,98	6,36
24,00	6,28
24,02	6,21
24,05	6,11
24,07	6,08
24,10	5,96
24,12	5,97
24,15	5,89
24,17	5,88
24,20	5,80
24,22	5,81
24,24	5,78
24,27	5,79
24,29	5,76
24,32	5,80
24,34	5,73
24,37	5,78
24,39	5,76
24,42	5,78
24,44	5,79
24,46	5,80
24,49	5,79
24,51	5,89
24,54	5,91
24,56	5,96
24,59	6,05
24,61	6,08
24,63	6,15
24,66	6,24
24,68	6,28
24,71	6,37
24,73	6,43
24,76	6,46
24,78	6,56
24,81	6,64
24,83	6,68
24,85	6,81
24,88	6,89
24,90	6,99
24,93	7,09
24,95	7,18
24,98	7,31
25,00	7,44
25,03	7,57
25,05	7,68
25,07	7,80
25,10	7,92
25,12	8,07
25,15	8,18
25,17	8,34
25,20	8,43
25,22	8,57
25,25	8,73
25,27	8,92
25,29	9,07
25,32	9,27
25,34	9,39
25,37	9,61
25,39	9,79
25,42	9,96
25,44	10,12
25,47	10,32
25,49	10,46
25,51	10,68
25,54	10,81
25,56	11,00
25,59	11,22
25,61	11,42
25,64	11,62
25,66	11,87
25,68	12,06
25,71	12,33
25,73	12,55
25,76	12,80
25,78	13,02
25,81	13,22
25,83	13,41
25,86	13,65
25,88	13,85
25,90	14,07
25,93	14,27
25,95	14,56
25,98	14,83
26,00	15,13
26,03	15,39
26,05	15,71
26,08	16,01
26,10	16,34
26,12	16,57
26,15	16,81
26,17	17,06
26,20	17,33
26,22	17,56
26,25	17,82
26,27	18,05
26,30	18,30
26,32	18,59
26,34	18,86
26,37	19,16
26,39	19,45
26,42	19,75
26,44	20,04
26,47	20,33
26,49	20,59
26,52	20,91
26,54	21,16
26,56	21,43
26,59	21,70
26,61	21,98
26,64	22,27
26,66	22,61
26,69	22,88
26,71	23,21
26,73	23,50
26,76	23,80
26,78	24,07
26,81	24,37
26,83	24,58
26,86	24,78
26,88	24,93
26,91	25,17
26,93	25,29
26,95	25,51
26,98	25,65
27,00	25,84
27,03	26,03
27,05	26,23
27,08	26,33
27,10	26,50
27,13	26,57
27,15	26,67
27,17	26,74
27,20	26,82
27,22	26,84
27,25	26,92
27,27	26,92
27,30	26,94
27,32	26,91
27,35	26,89
27,37	26,82
27,39	26,79
27,42	26,65
27,44	26,61
27,47	26,48
27,49	26,39
27,52	26,26
27,54	26,17
27,57	26,01
27,59	25,89
27,61	25,68
27,64	25,56
27,66	25,35
27,69	25,11
27,71	24,82
27,74	24,55
27,76	24,28
27,78	24,03
27,81	23,72
27,83	23,41
27,86	23,11
27,88	22,84
27,91	22,56
27,93	22,26
27,96	21,92
27,98	21,65
28,00	21,32
28,03	21,00
28,05	20,64
28,08	20,23
28,10	19,86
28,13	19,50
28,15	19,07
28,18	18,72
28,20	18,33
28,22	18,01
28,25	17,70
28,27	17,37
28,30	17,04
28,32	16,74
28,35	16,40
28,37	16,13
28,40	15,80
28,42	15,48
28,44	15,15
28,47	14,80
28,49	14,48
28,52	14,19
28,54	13,87
28,57	13,58
28,59	13,31
28,62	13,07
28,64	12,86
28,66	12,63
28,69	12,42
28,71	12,22
28,74	12,00
28,76	11,78
28,79	11,57
28,81	11,38
28,84	11,22
28,86	10,99
28,88	10,82
28,91	10,68
28,93	10,56
28,96	10,43
28,98	10,34
29,01	10,18
29,03	10,12
29,05	10,02
29,08	9,95
29,10	9,88
29,13	9,82
29,15	9,72
29,18	9,72
29,20	9,64
29,23	9,61
29,25	9,56
29,27	9,56
29,30	9,54
29,32	9,55
29,35	9,54
29,37	9,61
29,40	9,61
29,42	9,65
29,45	9,70
29,47	9,76
29,49	9,80
29,52	9,89
29,54	9,94
29,57	10,05
29,59	10,15
29,62	10,21
29,64	10,33
29,67	10,43
29,69	10,51
29,71	10,63
29,74	10,73
29,76	10,89
29,79	11,05
29,81	11,19
29,84	11,40
29,86	11,57
29,89	11,73
29,91	11,94
29,93	12,08
29,96	12,22
29,98	12,36
30,01	12,51
30,03	12,71
30,06	12,89
30,08	13,06
30,10	13,27
30,13	13,51
30,15	13,73
30,18	14,01
30,20	14,25
30,23	14,53
30,25	14,80
30,28	15,09
30,30	15,30
30,32	15,61
30,35	15,79
30,37	16,04
30,40	16,24
30,42	16,51
30,45	16,73
30,47	17,08
30,50	17,35
30,52	17,71
30,54	18,05
30,57	18,48
30,59	18,80
30,62	19,15
30,64	19,44
30,67	19,73
30,69	20,00
30,72	20,33
30,74	20,57
30,76	20,89
30,79	21,18
30,81	21,53
30,84	21,96
30,86	22,37
30,89	22,74
30,91	23,13
30,94	23,53
30,96	23,99
30,98	24,41
31,01	24,73
31,03	25,08
31,06	25,43
31,08	25,83
31,11	26,22
31,13	26,55
31,15	26,95
31,18	27,41
31,20	27,83
31,23	28,29
31,25	28,71
31,28	29,14
31,30	29,63
31,33	30,08
31,35	30,45
31,37	30,88
31,40	31,26
31,42	31,68
31,45	32,08
31,47	32,49
31,50	32,92
31,52	33,37
31,55	33,81
31,57	34,32
31,59	34,75
31,62	35,24
31,64	35,67
31,67	36,09
31,69	36,53
31,72	36,90
31,74	37,26
31,77	37,62
31,79	37,90
31,81	38,22
31,84	38,50
31,86	38,81
31,89	39,16
31,91	39,50
31,94	39,78
31,96	40,08
31,99	40,32
32,01	40,64
32,03	40,87
32,06	41,08
32,08	41,19
32,11	41,36
32,13	41,47
32,16	41,64
32,18	41,70
32,20	41,81
32,23	41,86
32,25	41,95
32,28	42,00
32,30	42,09
32,33	42,06
32,35	42,04
32,38	41,97
32,40	41,95
32,42	41,86
32,45	41,79
32,47	41,64
32,50	41,54
32,52	41,38
32,55	41,22
32,57	40,98
32,60	40,79
32,62	40,55
32,64	40,33
32,67	40,03
32,69	39,81
32,72	39,43
32,74	39,20
32,77	38,90
32,79	38,58
32,82	38,22
32,84	37,89
32,86	37,46
32,89	37,16
32,91	36,66
32,94	36,16
32,96	35,67
32,99	35,22
33,01	34,68
33,04	34,19
33,06	33,60
33,08	33,10
33,11	32,66
33,13	32,22
33,16	31,73
33,18	31,28
33,21	30,80
33,23	30,38
33,26	29,90
33,28	29,41
33,30	28,84
33,33	28,32
33,35	27,81
33,38	27,32
33,40	26,79
33,43	26,32
33,45	25,84
33,47	25,44
33,50	25,01
33,52	24,60
33,55	24,20
33,57	23,81
33,60	23,39
33,62	22,98
33,65	22,53
33,67	22,12
33,69	21,72
33,72	21,33
33,74	20,97
33,77	20,65
33,79	20,37
33,82	20,07
33,84	19,81
33,87	19,57
33,89	19,32
33,91	19,07
33,94	18,85
33,96	18,56
33,99	18,36
34,01	18,15
34,04	17,96
34,06	17,74
34,09	17,60
34,11	17,43
34,13	17,30
34,16	17,17
34,18	17,10
34,21	16,97
34,23	16,94
34,26	16,86
34,28	16,84
34,31	16,80
34,33	16,81
34,35	16,77
34,38	16,81
34,40	16,82
34,43	16,87
34,45	16,87
34,48	16,98
34,50	17,00
34,52	17,08
34,55	17,14
34,57	17,24
34,60	17,33
34,62	17,49
34,65	17,57
34,67	17,74
34,70	17,90
34,72	18,08
34,74	18,26
34,77	18,49
34,79	18,68
34,82	18,92
34,84	19,12
34,87	19,34
34,89	19,58
34,92	19,79
34,94	19,99
34,96	20,26
34,99	20,51
35,01	20,83
35,04	21,11
35,06	21,43
35,09	21,77
35,11	22,14
35,14	22,49
35,16	22,80
35,18	23,04
35,21	23,33
35,23	23,66
35,26	23,99
35,28	24,30
35,31	24,62
35,33	24,98
35,36	25,40
35,38	25,83
35,40	26,20
35,43	26,64
35,45	27,05
35,48	27,49
35,50	27,94
35,53	28,43
35,55	28,79
35,57	29,25
35,60	29,59
35,62	30,04
35,65	30,45
35,67	30,93
35,70	31,34
35,72	31,87
35,75	32,32
35,77	32,91
35,79	33,38
35,82	33,94
35,84	34,40
35,87	34,95
35,89	35,44
35,92	35,98
35,94	36,43
35,97	36,97
35,99	37,43
36,01	37,95
36,04	38,49
36,06	39,11
36,09	39,69
36,11	40,30
36,14	40,90
36,16	41,53
36,19	42,18
36,21	42,77
36,23	43,30
36,26	43,84
36,28	44,43
36,31	44,99
36,33	45,57
36,36	46,13
36,38	46,70
36,41	47,33
36,43	47,99
36,45	48,55
36,48	49,03
36,50	49,39
36,53	49,69
36,55	49,90
36,58	50,00
36,60	50,00
36,62	50,00
36,65	50,00
36,67	50,00
36,70	50,00
36,72	50,00
36,75	50,00
36,77	50,00
36,80	50,00
36,82	50,00
36,84	50,00
36,87	50,00
36,89	50,00
36,92	50,00
36,94	50,00
36,97	50,00
36,99	50,00
37,02	50,00
37,04	50,00
37,06	50,00
37,09	50,00
37,11	50,00
37,14	50,00
37,16	50,00
37,19	50,00
37,21	50,00
37,24	50,00
37,26	50,00
37,28	50,00
37,31	50,00
37,33	50,00
37,36	50,00
37,38	50,00
37,41	50,00
37,43	50,00
37,46	50,00
37,48	50,00
37,50	50,00
37,53	50,00
37,55	50,00
37,58	50,00
37,60	50,00
37,63	50,00
37,65	50,00
37,68	50,00
37,70	50,00
37,72	50,00
37,75	50,00
37,77	50,00
37,80	50,00
37,82	50,00
37,85	50,00
37,87	50,00
37,89	50,00
37,92	50,00
37,94	50,00
37,97	50,00
37,99	50,00
38,02	50,00
38,04	50,00
38,07	50,00
38,09	50,00
38,11	50,00
38,14	50,00
38,16	50,00
38,19	50,00
38,21	50,00
38,24	49,98
38,26	49,79
38,29	49,55
38,31	49,22
38,33	48,92
38,36	48,48
38,38	47,96
38,41	47,33
38,43	46,86
38,46	46,32
38,48	45,76
38,51	45,06
38,53	44,41
38,55	43,76
38,58	43,15
38,60	42,45
38,63	41,85
38,65	41,19
38,68	40,66
38,70	40,16
38,73	39,66
38,75	39,21
38,77	38,74
38,80	38,24
38,82	37,88
38,85	37,40
38,87	36,96
38,90	36,51
38,92	36,06
38,94	35,67
38,97	35,31
38,99	34,90
39,02	34,54
39,04	34,20
39,07	33,91
39,09	33,65
39,12	33,37
39,14	33,13
39,16	32,90
39,19	32,72
39,21	32,54
39,24	32,34
39,26	32,12
39,29	32,02
39,31	31,84
39,34	31,72
39,36	31,59
39,38	31,50
39,41	31,43
39,43	31,43
39,46	31,36
39,48	31,38
39,51	31,37
39,53	31,41
39,56	31,47
39,58	31,59
39,60	31,68
39,63	31,85
39,65	31,98
39,68	32,18
39,70	32,36
39,73	32,51
39,75	32,63
39,78	32,79
39,80	32,93
39,82	33,16
39,85	33,35
39,87	33,58
39,90	33,87
39,92	34,18
39,95	34,52
39,97	34,89
39,99	35,20
40,02	35,61
40,04	36,01
40,07	36,32
40,09	36,66
40,12	36,97
40,14	37,29
40,17	37,68
40,19	38,03
40,21	38,40
40,24	38,89
40,26	39,35
40,29	39,90
40,31	40,38
40,34	40,89
40,36	41,46
40,39	41,99
40,41	42,56
40,43	43,07
40,46	43,54
40,48	44,13
40,51	44,66
40,53	45,14
40,56	45,69
40,58	46,23
40,61	46,93
40,63	47,64
40,65	48,24
40,68	48,79
40,70	49,25
40,73	49,62
40,75	49,87
40,78	49,98
40,80	50,00
40,83	50,00
40,85	50,00
40,87	50,00
40,90	50,00
40,92	50,00
40,95	50,00
40,97	50,00
41,00	50,00
41,02	50,00
41,05	50,00
41,07	50,00
41,09	50,00
41,12	50,00
41,14	50,00
41,17	50,00
41,19	50,00
41,22	50,00
41,24	50,00
41,26	50,00
41,29	50,00
41,31	50,00
41,34	50,00
41,36	50,00
41,39	50,00
41,41	50,00
41,44	50,00
41,46	50,00
41,48	50,00
41,51	50,00
41,53	50,00
41,56	50,00
41,58	50,00
41,61	50,00
41,63	50,00
41,66	50,00
41,68	50,00
41,70	50,00
41,73	50,00
41,75	50,00
41,78	50,00
41,80	50,00
41,83	50,00
41,85	50,00
41,88	50,00
41,90	50,00
41,92	50,00
41,95	50,00
41,97	50,00
42,00	50,00
42,02	50,00
42,05	50,00
42,07	50,00
42,10	50,00
42,12	50,00
42,14	50,00
42,17	50,00
42,19	50,00
42,22	50,00
42,24	50,00
42,27	50,00
42,29	50,00
42,31	50,00
42,34	50,00
42,36	50,00
42,39	50,00
42,41	50,00
42,44	50,00
42,46	50,00
42,49	50,00
42,51	50,00
42,53	50,00
42,56	50,00
42,58	50,00
42,61	50,00
42,63	50,00
42,66	50,00
42,68	50,00
42,71	50,00
42,73	50,00
42,75	50,00
42,78	50,00
42,80	50,00
42,83	50,00
42,85	50,00
42,88	50,00
42,90	50,00
42,93	50,00
42,95	50,00
42,97	50,00
43,00	50,00
43,02	50,00
43,05	50,00
43,07	50,00
43,10	50,00
43,12	50,00
43,15	50,00
43,17	50,00
43,19	50,00
43,22	50,00
43,24	50,00
43,27	50,00
43,29	50,00
43,32	50,00
43,34	50,00
43,36	50,00
43,39	50,00
43,41	50,00
43,44	50,00
43,46	50,00
43,49	50,00
43,51	50,00
43,54	50,00
43,56	50,00
43,58	50,00
43,61	50,00
43,63	50,00
43,66	50,00
43,68	50,00
43,71	50,00
43,73	50,00
43,76	50,00
43,78	50,00
43,80	50,00
43,83	50,00
43,85	50,00
43,88	50,00
43,90	50,00
43,93	50,00
43,95	50,00
43,98	50,00
44,00	50,00
44,02	50,00
44,05	50,00
44,07	50,00
44,10	50,00
44,12	50,00
44,15	50,00
44,17	50,00
44,20	50,00
44,22	50,00
44,24	50,00
44,27	50,00
44,29	50,00
44,32	50,00
44,34	50,00
44,37	50,00
44,39	50,00
44,41	50,00
44,44	50,00
44,46	50,00
44,49	50,00
44,51	50,00
44,54	50,00
44,56	50,00
44,59	50,00
44,61	50,00
44,63	50,00
44,66	50,00
44,68	50,00
44,71	50,00
44,73	50,00
44,76	50,00
44,78	50,00
44,81	50,00
44,83	50,00
44,85	50,00
44,88	50,00
44,90	50,00
44,93	50,00
44,95	50,00
44,98	50,00
45,00	50,00
45,03	50,00
45,05	50,00
45,07	50,00
45,10	50,00
45,12	50,00
45,15	50,00
45,17	50,00
45,20	50,00
45,22	50,00
45,25	50,00
45,27	50,00
45,29	50,00
45,32	50,00
45,34	50,00
45,37	50,00
45,39	50,00
45,42	50,00
45,44	50,00
45,47	50,00
45,49	50,00
45,51	50,00
45,54	50,00
45,56	50,00
45,59	50,00
45,61	50,00
45,64	50,00
45,66	50,00
45,68	50,00
45,71	50,00
45,73	50,00
45,76	50,00
45,78	50,00
45,81	50,00
45,83	50,00
45,86	50,00
45,88	50,00
45,90	50,00
45,93	50,00
45,95	50,00
45,98	50,00
46,00	50,00
46,03	50,00
46,05	50,00
46,08	50,00
46,10	50,00
46,12	50,00
46,15	50,00
46,17	50,00
46,20	50,00
46,22	50,00
46,25	50,00
46,27	50,00
46,30	50,00
46,32	50,00
46,34	50,00
46,37	50,00
46,39	50,00
46,42	50,00
46,44	50,00
46,47	50,00
46,49	50,00
46,52	50,00
46,54	50,00
46,56	50,00
46,59	50,00
46,61	50,00
46,64	50,00
46,66	50,00
46,69	50,00
46,71	50,00
46,73	50,00
46,76	50,00
46,78	50,00
46,81	50,00
46,83	50,00
46,86	50,00
46,88	50,00
46,91	50,00
46,93	50,00
46,95	50,00
46,98	50,00
47,00	50,00
47,03	50,00
47,05	50,00
47,08	50,00
47,10	50,00
47,13	50,00
47,15	50,00
47,17	50,00
47,20	50,00
47,22	50,00
47,25	50,00
47,27	50,00
47,30	50,00
47,32	50,00
47,35	50,00
47,37	50,00
47,39	50,00
47,42	50,00
47,44	50,00
47,47	50,00
47,49	50,00
47,52	50,00
47,54	50,00
47,57	50,00
47,59	50,00
47,61	50,00
47,64	50,00
47,66	50,00
47,69	50,00
47,71	50,00
47,74	50,00
47,76	50,00
47,78	50,00
47,81	50,00
47,83	50,00
47,86	50,00
47,88	50,00
47,91	50,00
47,93	50,00
47,96	50,00
47,98	50,00
48,00	50,00
48,03	50,00
48,05	50,00
48,08	50,00
48,10	50,00
48,13	50,00
48,15	50,00
48,18	50,00
48,20	50,00
48,22	50,00
48,25	50,00
48,27	50,00
48,30	50,00
48,32	50,00
48,35	50,00
48,37	50,00
48,40	50,00
48,42	50,00
48,44	50,00
48,47	50,00
48,49	50,00
48,52	50,00
48,54	50,00
48,57	50,00
48,59	50,00
48,62	50,00
48,64	50,00
48,66	50,00
48,69	50,00
48,71	50,00
48,74	50,00
48,76	50,00
48,79	50,00
48,81	50,00
48,84	50,00
48,86	50,00
48,88	50,00
48,91	50,00
48,93	50,00
48,96	50,00
48,98	50,00
49,01	50,00
49,03	50,00
49,05	50,00
49,08	50,00
49,10	50,00
49,13	50,00
49,15	50,00
49,18	50,00
49,20	50,00
49,23	50,00
49,25	50,00
49,27	50,00
49,30	50,00
49,32	50,00
49,35	50,00
49,37	50,00
49,40	50,00
49,42	50,00
49,45	50,00
49,47	50,00
49,49	50,00
49,52	50,00
49,54	50,00
49,57	50,00
49,59	50,00
49,62	50,00
49,64	50,00
49,67	50,00
49,69	50,00
49,71	50,00
49,74	50,00
49,76	50,00
49,79	50,00
49,81	50,00
49,84	50,00
49,86	50,00
49,89	50,00
49,91	50,00
49,93	50,00
49,96	50,00
49,98	50,00
50,01	50,00
50,03	50,00
50,06	50,00
50,08	50,00
50,10	50,00
50,13	50,00
50,15	50,00
50,18	50,00
50,20	50,00
50,23	50,00
50,25	50,00
50,28	50,00
50,30	50,00
50,32	50,00
50,35	50,00
50,37	50,00
50,40	50,00
50,42	50,00
50,45	50,00
50,47	50,00
50,50	50,00
50,52	50,00
50,54	50,00
50,57	50,00
50,59	50,00
50,62	50,00
50,64	50,00
50,67	50,00
50,69	50,00
50,72	50,00
50,74	50,00
50,76	50,00
50,79	50,00
50,81	50,00
50,84	50,00
50,86	50,00
50,89	50,00
50,91	50,00
50,94	50,00
50,96	50,00
50,98	50,00
51,01	50,00
51,03	50,00
51,06	50,00
51,08	50,00
51,11	50,00
51,13	50,00
51,15	50,00
51,18	50,00
51,20	50,00
51,23	50,00
51,25	50,00
51,28	50,00
51,30	50,00
51,33	50,00
51,35	50,00
51,37	50,00
51,40	50,00
51,42	50,00
51,45	50,00
51,47	50,00
51,50	50,00
51,52	50,00
51,55	50,00
51,57	50,00
51,59	50,00
51,62	50,00
51,64	50,00
51,67	50,00
51,69	50,00
51,72	50,00
51,74	50,00
51,77	50,00
51,79	50,00
51,81	50,00
51,84	50,00
51,86	50,00
51,89	50,00
51,91	50,00
51,94	50,00
51,96	50,00
51,99	50,00
52,01	50,00
52,03	50,00
52,06	50,00
52,08	50,00
52,11	50,00
52,13	50,00
52,16	50,00
52,18	50,00
52,20	50,00
52,23	50,00
52,25	50,00
52,28	50,00
52,30	50,00
52,33	50,00
52,35	50,00
52,38	50,00
52,40	50,00
52,42	50,00
52,45	50,00
52,47	50,00
52,50	50,00
52,52	50,00
52,55	50,00
52,57	50,00
52,60	50,00
52,62	50,00
52,64	50,00
52,67	50,00
52,69	50,00
52,72	50,00
52,74	50,00
52,77	50,00
52,79	50,00
52,82	50,00
52,84	50,00
52,86	50,00
52,89	50,00
52,91	50,00
52,94	50,00
52,96	50,00
52,99	50,00
53,01	50,00
53,04	50,00
53,06	50,00
53,08	50,00
53,11	50,00
53,13	50,00
53,16	50,00
53,18	50,00
53,21	50,00
53,23	50,00
53,26	50,00
53,28	50,00
53,30	50,00
53,33	50,00
53,35	50,00
53,38	50,00
53,40	50,00
53,43	50,00
53,45	50,00
53,47	50,00
53,50	50,00
53,52	50,00
53,55	50,00
53,57	50,00
53,60	50,00
53,62	50,00
53,65	50,00
53,67	50,00
53,69	50,00
53,72	50,00
53,74	50,00
53,77	50,00
53,79	50,00
53,82	50,00
53,84	50,00
53,87	50,00
53,89	50,00
53,91	50,00
53,94	50,00
53,96	50,00
53,99	50,00
54,01	50,00
54,04	50,00
54,06	50,00
54,09	50,00
54,11	50,00
54,13	50,00
54,16	50,00
54,18	50,00
54,21	50,00
54,23	50,00
54,26	50,00
54,28	50,00
54,31	50,00
54,33	50,00
54,35	50,00
54,38	50,00
54,40	50,00
54,43	50,00
54,45	50,00
54,48	50,00
54,50	50,00
54,52	50,00
54,55	50,00
54,57	50,00
54,60	50,00
54,62	50,00
54,65	50,00
54,67	50,00
54,70	50,00
54,72	50,00
54,74	50,00
54,77	50,00
54,79	50,00
54,82	50,00
54,84	50,00
54,87	50,00
54,89	50,00
54,92	50,00
54,94	50,00
54,96	50,00
54,99	50,00
55,01	50,00
55,04	50,00
55,06	50,00
55,09	50,00
55,11	50,00
55,14	50,00
55,16	50,00
55,18	50,00
55,21	50,00
55,23	50,00
55,26	50,00
55,28	50,00
55,31	50,00
55,33	50,00
55,36	50,00
55,38	50,00
55,40	50,00
55,43	50,00
55,45	50,00
55,48	50,00
55,50	50,00
55,53	50,00
55,55	50,00
55,57	50,00
55,60	50,00
55,62	50,00
55,65	50,00
55,67	50,00
55,70	50,00
55,72	50,00
55,75	50,00
55,77	50,00
55,79	50,00
55,82	50,00
55,84	50,00
55,87	50,00
55,89	50,00
55,92	50,00
55,94	50,00
55,97	50,00
55,99	50,00
56,01	50,00
56,04	50,00
56,06	50,00
56,09	50,00
56,11	50,00
56,14	50,00
56,16	50,00
56,19	50,00
56,21	50,00
56,23	50,00
56,26	50,00
56,28	50,00
56,31	50,00
56,33	50,00
56,36	50,00
56,38	50,00
56,41	50,00
56,43	50,00
56,45	50,00
56,48	50,00
56,50	50,00
56,53	50,00
56,55	50,00
56,58	50,00
56,60	50,00
56,62	50,00
56,65	50,00
56,67	50,00
56,70	50,00
56,72	50,00
56,75	50,00
56,77	50,00
56,80	50,00
56,82	50,00
56,84	50,00
56,87	50,00
56,89	50,00
56,92	50,00
56,94	50,00
56,97	50,00
56,99	50,00
57,02	50,00
57,04	50,00
57,06	50,00
57,09	50,00
57,11	50,00
57,14	50,00
57,16	50,00
57,19	50,00
57,21	50,00
57,24	50,00
57,26	50,00
57,28	50,00
57,31	50,00
57,33	50,00
57,36	50,00
57,38	50,00
57,41	50,00
57,43	50,00
57,46	50,00
57,48	50,00
57,50	50,00
57,53	50,00
57,55	50,00
57,58	50,00
57,60	50,00
57,63	50,00
57,65	50,00
57,68	50,00
57,70	50,00
57,72	50,00
57,75	50,00
57,77	50,00
57,80	50,00
57,82	50,00
57,85	50,00
57,87	50,00
57,89	50,00
57,92	50,00
57,94	50,00
57,97	50,00
57,99	50,00
58,02	50,00
58,04	50,00
58,07	50,00
58,09	50,00
58,11	50,00
58,14	50,00
58,16	50,00
58,19	50,00
58,21	50,00
58,24	50,00
58,26	50,00
58,29	50,00
58,31	50,00
58,33	50,00
58,36	50,00
58,38	50,00
58,41	50,00
58,43	50,00
58,46	50,00
58,48	50,00
58,51	50,00
58,53	50,00
58,55	50,00
58,58	50,00
58,60	50,00
58,63	50,00
58,65	50,00
58,68	50,00
58,70	50,00
58,73	50,00
58,75	50,00
58,77	50,00
58,80	50,00
58,82	50,00
58,85	50,00
58,87	50,00
58,90	50,00
58,92	50,00
58,94	50,00
58,97	50,00
58,99	50,00
59,02	50,00
59,04	50,00
59,07	50,00
59,09	50,00
59,12	50,00
59,14	50,00
59,16	50,00
59,19	50,00
59,21	50,00
59,24	50,00
59,26	50,00
59,29	50,00
59,31	50,00
59,34	50,00
59,36	50,00
59,38	50,00
59,41	50,00
59,43	50,00
59,46	50,00
59,48	50,00
59,51	50,00
59,53	50,00
59,56	50,00
59,58	50,00
59,60	50,00
59,63	50,00
59,65	50,00
59,68	50,00
59,70	50,00
59,73	50,00
59,75	50,00
59,78	50,00
59,80	50,00
59,82	50,00
59,85	50,00
59,87	50,00
59,90	50,00
59,92	50,00
59,95	50,00
59,97	50,00
59,99	50,00
