Voltage U1	Corriente IA
U1/V	IA/nA

0,02	0,41
0,04	0,41
0,07	0,39
0,09	0,42
0,12	0,43
0,14	0,41
0,17	0,38
0,19	0,42
0,21	0,39
0,24	0,41
0,26	0,39
0,29	0,36
0,31	0,42
0,34	0,45
0,36	0,44
0,39	0,47
0,41	0,44
0,43	0,43
0,46	0,42
0,48	0,38
0,51	0,38
0,53	0,37
0,56	0,36
0,58	0,38
0,61	0,37
0,63	0,38
0,65	0,44
0,68	0,44
0,70	0,46
0,73	0,45
0,75	0,46
0,78	0,44
0,80	0,46
0,83	0,40
0,85	0,41
0,87	0,37
0,90	0,39
0,92	0,35
0,95	0,37
0,97	0,35
1,00	0,37
1,02	0,35
1,05	0,42
1,07	0,40
1,09	0,46
1,12	0,45
1,14	0,47
1,17	0,43
1,19	0,46
1,22	0,38
1,24	0,41
1,26	0,36
1,29	0,38
1,31	0,39
1,34	0,42
1,36	0,38
1,39	0,45
1,41	0,42
1,44	0,48
1,46	0,45
1,48	0,48
1,51	0,46
1,53	0,50
1,56	0,46
1,58	0,50
1,61	0,44
1,63	0,49
1,66	0,45
1,68	0,47
1,70	0,42
1,73	0,44
1,75	0,41
1,78	0,47
1,80	0,44
1,83	0,45
1,85	0,44
1,88	0,45
1,90	0,44
1,92	0,46
1,95	0,43
1,97	0,44
2,00	0,38
2,02	0,38
2,05	0,42
2,07	0,43
2,10	0,43
2,12	0,44
2,14	0,42
2,17	0,48
2,19	0,49
2,22	0,48
2,24	0,49
2,27	0,47
2,29	0,46
2,31	0,46
2,34	0,44
2,36	0,44
2,39	0,45
2,41	0,41
2,44	0,41
2,46	0,41
2,49	0,42
2,51	0,43
2,53	0,44
2,56	0,40
2,58	0,42
2,61	0,40
2,63	0,41
2,66	0,39
2,68	0,41
2,71	0,40
2,73	0,43
2,75	0,41
2,78	0,47
2,80	0,45
2,83	0,49
2,85	0,46
2,88	0,48
2,90	0,46
2,93	0,53
2,95	0,48
2,97	0,53
3,00	0,48
3,02	0,49
3,05	0,46
3,07	0,47
3,10	0,39
3,12	0,46
3,15	0,40
3,17	0,44
3,19	0,43
3,22	0,45
3,24	0,44
3,27	0,47
3,29	0,40
3,32	0,45
3,34	0,41
3,36	0,43
3,39	0,40
3,41	0,41
3,44	0,39
3,46	0,41
3,49	0,38
3,51	0,41
3,54	0,37
3,56	0,42
3,58	0,41
3,61	0,41
3,63	0,42
3,66	0,43
3,68	0,40
3,71	0,45
3,73	0,43
3,76	0,45
3,78	0,47
3,80	0,42
3,83	0,44
3,85	0,47
3,88	0,45
3,90	0,47
3,93	0,46
3,95	0,46
3,98	0,49
4,00	0,47
4,02	0,45
4,05	0,44
4,07	0,43
4,10	0,41
4,12	0,39
4,15	0,35
4,17	0,41
4,20	0,40
4,22	0,45
4,24	0,43
4,27	0,44
4,29	0,44
4,32	0,50
4,34	0,44
4,37	0,47
4,39	0,42
4,42	0,43
4,44	0,43
4,46	0,46
4,49	0,42
4,51	0,47
4,54	0,42
4,56	0,43
4,59	0,41
4,61	0,43
4,63	0,41
4,66	0,45
4,68	0,40
4,71	0,45
4,73	0,42
4,76	0,45
4,78	0,43
4,81	0,46
4,83	0,40
4,85	0,45
4,88	0,41
4,90	0,48
4,93	0,43
4,95	0,49
4,98	0,45
5,00	0,50
5,03	0,44
5,05	0,52
5,07	0,47
5,10	0,52
5,12	0,49
5,15	0,54
5,17	0,52
5,20	0,57
5,22	0,52
5,25	0,57
5,27	0,52
5,29	0,56
5,32	0,54
5,34	0,56
5,37	0,55
5,39	0,58
5,42	0,55
5,44	0,59
5,47	0,55
5,49	0,53
5,51	0,52
5,54	0,51
5,56	0,51
5,59	0,54
5,61	0,52
5,64	0,53
5,66	0,53
5,68	0,53
5,71	0,55
5,73	0,54
5,76	0,53
5,78	0,54
5,81	0,52
5,83	0,55
5,86	0,56
5,88	0,55
5,90	0,59
5,93	0,57
5,95	0,57
5,98	0,61
6,00	0,63
6,03	0,65
6,05	0,67
6,08	0,62
6,10	0,68
6,12	0,66
6,15	0,69
6,17	0,68
6,20	0,69
6,22	0,66
6,25	0,74
6,27	0,68
6,30	0,72
6,32	0,69
6,34	0,71
6,37	0,71
6,39	0,74
6,42	0,69
6,44	0,73
6,47	0,71
6,49	0,75
6,52	0,73
6,54	0,76
6,56	0,71
6,59	0,78
6,61	0,77
6,64	0,80
6,66	0,80
6,69	0,85
6,71	0,84
6,73	0,93
6,76	0,89
6,78	0,93
6,81	0,91
6,83	0,97
6,86	0,94
6,88	0,97
6,91	0,94
6,93	0,97
6,95	0,96
6,98	1,03
7,00	0,97
7,03	1,00
7,05	0,97
7,08	1,00
7,10	1,00
7,13	1,00
7,15	0,95
7,17	0,99
7,20	0,98
7,22	0,99
7,25	1,00
7,27	0,98
7,30	1,01
7,32	1,02
7,35	1,01
7,37	1,02
7,39	1,04
7,42	1,06
7,44	1,11
7,47	1,12
7,49	1,16
7,52	1,18
7,54	1,20
7,57	1,25
7,59	1,24
7,61	1,23
7,64	1,25
7,66	1,22
7,69	1,23
7,71	1,24
7,74	1,23
7,76	1,22
7,78	1,22
7,81	1,19
7,83	1,24
7,86	1,20
7,88	1,20
7,91	1,21
7,93	1,24
7,96	1,23
7,98	1,28
8,00	1,23
8,03	1,28
8,05	1,26
8,08	1,27
8,10	1,25
8,13	1,28
8,15	1,24
8,18	1,33
8,20	1,31
8,22	1,34
8,25	1,32
8,27	1,35
8,30	1,33
8,32	1,38
8,35	1,34
8,37	1,39
8,40	1,35
8,42	1,40
8,44	1,38
8,47	1,42
8,49	1,38
8,52	1,39
8,54	1,35
8,57	1,40
8,59	1,35
8,62	1,37
8,64	1,36
8,66	1,41
8,69	1,41
8,71	1,42
8,74	1,38
8,76	1,42
8,79	1,39
8,81	1,38
8,84	1,34
8,86	1,34
8,88	1,33
8,91	1,40
8,93	1,39
8,96	1,42
8,98	1,41
9,01	1,43
9,03	1,43
9,05	1,46
9,08	1,44
9,10	1,46
9,13	1,44
9,15	1,45
9,18	1,43
9,20	1,44
9,23	1,42
9,25	1,39
9,27	1,38
9,30	1,41
9,32	1,42
9,35	1,41
9,37	1,44
9,40	1,45
9,42	1,49
9,45	1,47
9,47	1,46
9,49	1,45
9,52	1,47
9,54	1,45
9,57	1,48
9,59	1,43
9,62	1,45
9,64	1,46
9,67	1,48
9,69	1,49
9,71	1,50
9,74	1,45
9,76	1,51
9,79	1,49
9,81	1,50
9,84	1,48
9,86	1,48
9,89	1,45
9,91	1,50
9,93	1,48
9,96	1,53
9,98	1,52
10,01	1,54
10,03	1,52
10,06	1,56
10,08	1,51
10,10	1,54
10,13	1,51
10,15	1,53
10,18	1,53
10,20	1,58
10,23	1,55
10,25	1,61
10,28	1,56
10,30	1,60
10,32	1,58
10,35	1,60
10,37	1,60
10,40	1,63
10,42	1,60
10,45	1,64
10,47	1,63
10,50	1,71
10,52	1,70
10,54	1,72
10,57	1,70
10,59	1,75
10,62	1,77
10,64	1,82
10,67	1,79
10,69	1,82
10,72	1,82
10,74	1,89
10,76	1,91
10,79	1,94
10,81	1,96
10,84	1,98
10,86	1,99
10,89	2,03
10,91	2,03
10,94	2,04
10,96	2,03
10,98	2,05
11,01	2,06
11,03	2,07
11,06	2,08
11,08	2,11
11,11	2,17
11,13	2,18
11,15	2,21
11,18	2,21
11,20	2,25
11,23	2,31
11,25	2,35
11,28	2,32
11,30	2,36
11,33	2,36
11,35	2,42
11,37	2,45
11,40	2,47
11,42	2,49
11,45	2,56
11,47	2,57
11,50	2,65
11,52	2,66
11,55	2,70
11,57	2,75
11,59	2,80
11,62	2,79
11,64	2,87
11,67	2,89
11,69	2,94
11,72	2,95
11,74	2,98
11,77	2,98
11,79	3,05
11,81	3,06
11,84	3,12
11,86	3,14
11,89	3,23
11,91	3,20
11,94	3,29
11,96	3,31
11,99	3,36
12,01	3,35
12,03	3,44
12,06	3,41
12,08	3,51
12,11	3,51
12,13	3,53
12,16	3,57
12,18	3,64
12,21	3,63
12,23	3,69
12,25	3,68
12,28	3,71
12,30	3,75
12,33	3,78
12,35	3,75
12,38	3,75
12,40	3,76
12,42	3,79
12,45	3,80
12,47	3,81
12,50	3,78
12,52	3,77
12,55	3,79
12,57	3,79
12,60	3,77
12,62	3,79
12,64	3,78
12,67	3,81
12,69	3,86
12,72	3,85
12,74	3,85
12,77	3,88
12,79	3,86
12,82	3,85
12,84	3,85
12,86	3,80
12,89	3,81
12,91	3,81
12,94	3,79
12,96	3,79
12,99	3,79
13,01	3,76
13,04	3,81
13,06	3,79
13,08	3,79
13,11	3,78
13,13	3,78
13,16	3,78
13,18	3,78
13,21	3,73
13,23	3,75
13,26	3,69
13,28	3,70
13,30	3,68
13,33	3,67
13,35	3,63
13,38	3,63
13,40	3,56
13,43	3,60
13,45	3,54
13,47	3,52
13,50	3,48
13,52	3,48
13,55	3,45
13,57	3,47
13,60	3,41
13,62	3,44
13,65	3,39
13,67	3,40
13,69	3,39
13,72	3,40
13,74	3,37
13,77	3,41
13,79	3,35
13,82	3,37
13,84	3,33
13,87	3,32
13,89	3,26
13,91	3,28
13,94	3,20
13,96	3,23
13,99	3,18
14,01	3,20
14,04	3,20
14,06	3,21
14,09	3,14
14,11	3,15
14,13	3,11
14,16	3,14
14,18	3,09
14,21	3,08
14,23	3,05
14,26	3,04
14,28	3,06
14,31	3,06
14,33	3,05
14,35	3,08
14,38	3,05
14,40	3,08
14,43	3,12
14,45	3,12
14,48	3,13
14,50	3,13
14,52	3,12
14,55	3,14
14,57	3,14
14,60	3,15
14,62	3,15
14,65	3,15
14,67	3,17
14,70	3,17
14,72	3,21
14,74	3,22
14,77	3,24
14,79	3,24
14,82	3,26
14,84	3,28
14,87	3,32
14,89	3,33
14,92	3,36
14,94	3,36
14,96	3,40
14,99	3,38
15,01	3,42
15,04	3,42
15,06	3,45
15,09	3,45
15,11	3,50
15,14	3,52
15,16	3,61
15,18	3,62
15,21	3,70
15,23	3,70
15,26	3,77
15,28	3,80
15,31	3,87
15,33	3,86
15,36	3,95
15,38	3,93
15,40	4,01
15,43	4,07
15,45	4,12
15,48	4,14
15,50	4,26
15,53	4,27
15,55	4,35
15,57	4,40
15,60	4,45
15,62	4,51
15,65	4,57
15,67	4,58
15,70	4,66
15,72	4,71
15,75	4,74
15,77	4,77
15,79	4,81
15,82	4,89
15,84	4,96
15,87	5,03
15,89	5,13
15,92	5,19
15,94	5,30
15,97	5,40
15,99	5,47
16,01	5,56
16,04	5,62
16,06	5,67
16,09	5,76
16,11	5,83
16,14	5,91
16,16	6,00
16,19	6,05
16,21	6,15
16,23	6,25
16,26	6,35
16,28	6,44
16,31	6,56
16,33	6,63
16,36	6,76
16,38	6,83
16,41	6,92
16,43	7,00
16,45	7,10
16,48	7,14
16,50	7,23
16,53	7,29
16,55	7,43
16,58	7,50
16,60	7,64
16,63	7,71
16,65	7,85
16,67	7,92
16,70	8,05
16,72	8,11
16,75	8,25
16,77	8,31
16,80	8,45
16,82	8,51
16,84	8,62
16,87	8,67
16,89	8,79
16,92	8,83
16,94	8,93
16,97	8,95
16,99	9,06
17,02	9,12
17,04	9,21
17,06	9,25
17,09	9,36
17,11	9,35
17,14	9,41
17,16	9,41
17,19	9,45
17,21	9,45
17,24	9,48
17,26	9,44
17,28	9,52
17,31	9,49
17,33	9,52
17,36	9,50
17,38	9,53
17,41	9,48
17,43	9,50
17,46	9,45
17,48	9,45
17,50	9,41
17,53	9,43
17,55	9,39
17,58	9,38
17,60	9,29
17,63	9,27
17,65	9,20
17,68	9,18
17,70	9,09
17,72	9,03
17,75	8,98
17,77	8,94
17,80	8,86
17,82	8,85
17,85	8,75
17,87	8,68
17,89	8,60
17,92	8,51
17,94	8,43
17,97	8,34
17,99	8,22
18,02	8,16
18,04	8,07
18,07	7,97
18,09	7,92
18,11	7,86
18,14	7,79
18,16	7,73
18,19	7,66
18,21	7,57
18,24	7,51
18,26	7,42
18,29	7,35
18,31	7,25
18,33	7,14
18,36	7,05
18,38	6,98
18,41	6,90
18,43	6,83
18,46	6,72
18,48	6,69
18,51	6,62
18,53	6,59
18,55	6,52
18,58	6,47
18,60	6,38
18,63	6,35
18,65	6,25
18,68	6,23
18,70	6,13
18,73	6,10
18,75	6,01
18,77	5,97
18,80	5,89
18,82	5,91
18,85	5,82
18,87	5,82
18,90	5,73
18,92	5,75
18,94	5,71
18,97	5,71
18,99	5,63
19,02	5,65
19,04	5,59
19,07	5,62
19,09	5,59
19,12	5,59
19,14	5,54
19,16	5,58
19,19	5,54
19,21	5,56
19,24	5,56
19,26	5,53
19,29	5,52
19,31	5,53
19,34	5,52
19,36	5,55
19,38	5,53
19,41	5,55
19,43	5,56
19,46	5,60
19,48	5,65
19,51	5,65
19,53	5,67
19,56	5,74
19,58	5,75
19,60	5,78
19,63	5,82
19,65	5,85
19,68	5,94
19,70	5,97
19,73	5,98
19,75	6,05
19,78	6,12
19,80	6,17
19,82	6,24
19,85	6,25
19,87	6,33
19,90	6,40
19,92	6,45
19,95	6,51
19,97	6,61
19,99	6,64
20,02	6,74
20,04	6,80
20,07	6,92
20,09	6,99
20,12	7,12
20,14	7,16
20,17	7,26
20,19	7,33
20,21	7,44
20,24	7,47
20,26	7,58
20,29	7,62
20,31	7,76
20,34	7,84
20,36	7,96
20,39	8,05
20,41	8,20
20,43	8,30
20,46	8,44
20,48	8,54
20,51	8,69
20,53	8,77
20,56	8,92
20,58	9,00
20,61	9,16
20,63	9,26
20,65	9,40
20,68	9,51
20,70	9,70
20,73	9,80
20,75	9,99
20,78	10,10
20,80	10,27
20,83	10,40
20,85	10,59
20,87	10,71
20,90	10,88
20,92	11,01
20,95	11,17
20,97	11,27
21,00	11,42
21,02	11,56
21,05	11,73
21,07	11,90
21,09	12,08
21,12	12,23
21,14	12,45
21,17	12,64
21,19	12,82
21,22	13,03
21,24	13,17
21,26	13,33
21,29	13,52
21,31	13,69
21,34	13,87
21,36	14,05
21,39	14,16
21,41	14,40
21,44	14,60
21,46	14,80
21,48	15,00
21,51	15,19
21,53	15,37
21,56	15,60
21,58	15,73
21,61	15,91
21,63	16,06
21,66	16,24
21,68	16,39
21,70	16,57
21,73	16,70
21,75	16,95
21,78	17,09
21,80	17,27
21,83	17,39
21,85	17,56
21,88	17,67
21,90	17,87
21,92	17,94
21,95	18,08
21,97	18,15
22,00	18,26
22,02	18,35
22,05	18,46
22,07	18,46
22,10	18,53
22,12	18,55
22,14	18,64
22,17	18,64
22,19	18,65
22,22	18,61
22,24	18,63
22,27	18,56
22,29	18,57
22,31	18,49
22,34	18,47
22,36	18,38
22,39	18,34
22,41	18,27
22,44	18,22
22,46	18,11
22,49	18,07
22,51	17,93
22,53	17,86
22,56	17,71
22,58	17,60
22,61	17,45
22,63	17,33
22,66	17,10
22,68	17,00
22,71	16,84
22,73	16,72
22,75	16,56
22,78	16,39
22,80	16,19
22,83	16,05
22,85	15,83
22,88	15,65
22,90	15,44
22,93	15,23
22,95	15,04
22,97	14,87
23,00	14,69
23,02	14,53
23,05	14,31
23,07	14,16
23,10	13,96
23,12	13,79
23,15	13,58
23,17	13,40
23,19	13,19
23,22	13,03
23,24	12,83
23,27	12,67
23,29	12,47
23,32	12,32
23,34	12,13
23,36	11,98
23,39	11,79
23,41	11,63
23,44	11,46
23,46	11,31
23,49	11,19
23,51	11,02
23,54	10,88
23,56	10,74
23,58	10,63
23,61	10,52
23,63	10,46
23,66	10,28
23,68	10,19
23,71	10,07
23,73	10,00
23,76	9,90
23,78	9,83
23,80	9,68
23,83	9,69
23,85	9,61
23,88	9,59
23,90	9,51
23,93	9,47
23,95	9,42
23,98	9,41
24,00	9,32
24,02	9,34
24,05	9,29
24,07	9,30
24,10	9,27
24,12	9,27
24,15	9,24
24,17	9,27
24,20	9,25
24,22	9,31
24,24	9,30
24,27	9,35
24,29	9,34
24,32	9,44
24,34	9,48
24,37	9,53
24,39	9,53
24,42	9,61
24,44	9,61
24,46	9,70
24,49	9,74
24,51	9,81
24,54	9,89
24,56	10,03
24,59	10,11
24,61	10,25
24,63	10,35
24,66	10,45
24,68	10,58
24,71	10,71
24,73	10,78
24,76	10,92
24,78	11,03
24,81	11,11
24,83	11,25
24,85	11,32
24,88	11,43
24,90	11,54
24,93	11,65
24,95	11,83
24,98	12,01
25,00	12,15
25,03	12,33
25,05	12,50
25,07	12,69
25,10	12,83
25,12	12,96
25,15	13,13
25,17	13,28
25,20	13,42
25,22	13,60
25,25	13,71
25,27	13,95
25,29	14,13
25,32	14,32
25,34	14,49
25,37	14,73
25,39	14,90
25,42	15,15
25,44	15,29
25,47	15,49
25,49	15,65
25,51	15,90
25,54	16,06
25,56	16,27
25,59	16,44
25,61	16,69
25,64	16,88
25,66	17,16
25,68	17,42
25,71	17,70
25,73	17,95
25,76	18,25
25,78	18,46
25,81	18,74
25,83	18,95
25,86	19,16
25,88	19,38
25,90	19,62
25,93	19,83
25,95	20,12
25,98	20,37
26,00	20,63
26,03	20,90
26,05	21,19
26,08	21,49
26,10	21,79
26,12	22,04
26,15	22,33
26,17	22,57
26,20	22,85
26,22	23,11
26,25	23,37
26,27	23,63
26,30	23,93
26,32	24,20
26,34	24,50
26,37	24,80
26,39	25,11
26,42	25,47
26,44	25,78
26,47	26,04
26,49	26,29
26,52	26,57
26,54	26,84
26,56	27,09
26,59	27,26
26,61	27,49
26,64	27,74
26,66	28,05
26,69	28,31
26,71	28,56
26,73	28,79
26,76	29,04
26,78	29,28
26,81	29,53
26,83	29,71
26,86	29,89
26,88	30,05
26,91	30,23
26,93	30,35
26,95	30,50
26,98	30,58
27,00	30,74
27,03	30,82
27,05	30,91
27,08	30,96
27,10	31,06
27,13	31,06
27,15	31,14
27,17	31,11
27,20	31,14
27,22	31,12
27,25	31,12
27,27	31,07
27,30	31,04
27,32	30,92
27,35	30,86
27,37	30,71
27,39	30,61
27,42	30,43
27,44	30,31
27,47	30,13
27,49	29,99
27,52	29,81
27,54	29,74
27,57	29,55
27,59	29,42
27,61	29,24
27,64	29,09
27,66	28,85
27,69	28,68
27,71	28,38
27,74	28,14
27,76	27,88
27,78	27,59
27,81	27,27
27,83	27,00
27,86	26,70
27,88	26,43
27,91	26,12
27,93	25,86
27,96	25,55
27,98	25,29
28,00	25,01
28,03	24,66
28,05	24,34
28,08	24,05
28,10	23,64
28,13	23,31
28,15	22,94
28,18	22,61
28,20	22,29
28,22	21,99
28,25	21,67
28,27	21,41
28,30	21,14
28,32	20,88
28,35	20,64
28,37	20,38
28,40	20,10
28,42	19,83
28,44	19,58
28,47	19,33
28,49	19,09
28,52	18,80
28,54	18,56
28,57	18,34
28,59	18,13
28,62	17,94
28,64	17,75
28,66	17,59
28,69	17,45
28,71	17,30
28,74	17,18
28,76	17,00
28,79	16,86
28,81	16,74
28,84	16,60
28,86	16,45
28,88	16,34
28,91	16,19
28,93	16,16
28,96	16,06
28,98	16,01
29,01	15,95
29,03	15,94
29,05	15,90
29,08	15,91
29,10	15,84
29,13	15,87
29,15	15,86
29,18	15,90
29,20	15,91
29,23	15,98
29,25	15,99
29,27	16,08
29,30	16,06
29,32	16,12
29,35	16,13
29,37	16,21
29,40	16,26
29,42	16,38
29,45	16,43
29,47	16,60
29,49	16,72
29,52	16,86
29,54	16,98
29,57	17,14
29,59	17,22
29,62	17,37
29,64	17,47
29,67	17,61
29,69	17,73
29,71	17,90
29,74	18,05
29,76	18,26
29,79	18,46
29,81	18,68
29,84	18,85
29,86	19,10
29,89	19,31
29,91	19,54
29,93	19,76
29,96	19,97
29,98	20,14
30,01	20,40
30,03	20,58
30,06	20,79
30,08	21,03
30,10	21,25
30,13	21,50
30,15	21,81
30,18	22,06
30,20	22,39
30,23	22,69
30,25	22,94
30,28	23,26
30,30	23,48
30,32	23,73
30,35	24,00
30,37	24,24
30,40	24,48
30,42	24,76
30,45	24,99
30,47	25,38
30,50	25,69
30,52	26,07
30,54	26,39
30,57	26,81
30,59	27,17
30,62	27,63
30,64	27,96
30,67	28,31
30,69	28,57
30,72	28,92
30,74	29,22
30,76	29,57
30,79	29,82
30,81	30,17
30,84	30,53
30,86	30,98
30,89	31,36
30,91	31,75
30,94	32,14
30,96	32,56
30,98	32,96
31,01	33,38
31,03	33,69
31,06	34,08
31,08	34,41
31,11	34,79
31,13	35,15
31,15	35,51
31,18	35,88
31,20	36,34
31,23	36,74
31,25	37,20
31,28	37,65
31,30	38,08
31,33	38,53
31,35	38,94
31,37	39,32
31,40	39,73
31,42	40,14
31,45	40,49
31,47	40,91
31,50	41,26
31,52	41,71
31,55	42,13
31,57	42,55
31,59	42,95
31,62	43,40
31,64	43,75
31,67	44,19
31,69	44,53
31,72	44,84
31,74	45,17
31,77	45,46
31,79	45,73
31,81	46,05
31,84	46,27
31,86	46,55
31,89	46,83
31,91	47,07
31,94	47,28
31,96	47,50
31,99	47,65
32,01	47,88
32,03	48,03
32,06	48,18
32,08	48,28
32,11	48,39
32,13	48,46
32,16	48,56
32,18	48,56
32,20	48,62
32,23	48,63
32,25	48,70
32,28	48,70
32,30	48,71
32,33	48,69
32,35	48,69
32,38	48,59
32,40	48,57
32,42	48,44
32,45	48,39
32,47	48,28
32,50	48,20
32,52	48,03
32,55	47,95
32,57	47,74
32,60	47,59
32,62	47,31
32,64	47,12
32,67	46,82
32,69	46,60
32,72	46,27
32,74	46,05
32,77	45,77
32,79	45,53
32,82	45,18
32,84	44,90
32,86	44,53
32,89	44,19
32,91	43,75
32,94	43,37
32,96	42,87
32,99	42,49
33,01	42,05
33,04	41,66
33,06	41,20
33,08	40,81
33,11	40,35
33,13	40,07
33,16	39,65
33,18	39,30
33,21	38,89
33,23	38,53
33,26	38,13
33,28	37,75
33,30	37,28
33,33	36,89
33,35	36,35
33,38	35,91
33,40	35,47
33,43	35,07
33,45	34,69
33,47	34,34
33,50	33,94
33,52	33,67
33,55	33,37
33,57	33,00
33,60	32,65
33,62	32,30
33,65	31,95
33,67	31,66
33,69	31,31
33,72	30,98
33,74	30,73
33,77	30,46
33,79	30,23
33,82	30,02
33,84	29,77
33,87	29,63
33,89	29,47
33,91	29,29
33,94	29,17
33,96	28,99
33,99	28,82
34,01	28,68
34,04	28,54
34,06	28,43
34,09	28,31
34,11	28,19
34,13	28,16
34,16	28,10
34,18	28,10
34,21	28,06
34,23	28,03
34,26	28,03
34,28	28,09
34,31	28,08
34,33	28,12
34,35	28,13
34,38	28,20
34,40	28,30
34,43	28,44
34,45	28,51
34,48	28,64
34,50	28,76
34,52	28,94
34,55	29,06
34,57	29,22
34,60	29,33
34,62	29,50
34,65	29,66
34,67	29,89
34,70	30,06
34,72	30,34
34,74	30,56
34,77	30,82
34,79	31,13
34,82	31,41
34,84	31,60
34,87	31,89
34,89	32,09
34,92	32,34
34,94	32,61
34,96	32,87
34,99	33,15
35,01	33,51
35,04	33,81
35,06	34,19
35,09	34,54
35,11	34,90
35,14	35,26
35,16	35,64
35,18	35,95
35,21	36,27
35,23	36,61
35,26	36,97
35,28	37,30
35,31	37,65
35,33	38,00
35,36	38,38
35,38	38,78
35,40	39,21
35,43	39,62
35,45	40,08
35,48	40,52
35,50	40,95
35,53	41,50
35,55	41,86
35,57	42,28
35,60	42,71
35,62	43,10
35,65	43,48
35,67	43,94
35,70	44,33
35,72	44,89
35,75	45,34
35,77	45,88
35,79	46,37
35,82	46,93
35,84	47,46
35,87	48,05
35,89	48,47
35,92	48,94
35,94	49,27
35,97	49,59
35,99	49,79
36,01	49,91
36,04	49,91
36,06	50,00
36,09	50,00
36,11	50,00
36,14	50,00
36,16	50,00
36,19	50,00
36,21	50,00
36,23	50,00
36,26	50,00
36,28	50,00
36,31	50,00
36,33	50,00
36,36	50,00
36,38	50,00
36,41	50,00
36,43	50,00
36,45	50,00
36,48	50,00
36,50	50,00
36,53	50,00
36,55	50,00
36,58	50,00
36,60	50,00
36,62	50,00
36,65	50,00
36,67	50,00
36,70	50,00
36,72	50,00
36,75	50,00
36,77	50,00
36,80	50,00
36,82	50,00
36,84	50,00
36,87	50,00
36,89	50,00
36,92	50,00
36,94	50,00
36,97	50,00
36,99	50,00
37,02	50,00
37,04	50,00
37,06	50,00
37,09	50,00
37,11	50,00
37,14	50,00
37,16	50,00
37,19	50,00
37,21	50,00
37,24	50,00
37,26	50,00
37,28	50,00
37,31	50,00
37,33	50,00
37,36	50,00
37,38	50,00
37,41	50,00
37,43	50,00
37,46	50,00
37,48	50,00
37,50	50,00
37,53	50,00
37,55	50,00
37,58	50,00
37,60	50,00
37,63	50,00
37,65	50,00
37,68	50,00
37,70	50,00
37,72	50,00
37,75	50,00
37,77	50,00
37,80	50,00
37,82	50,00
37,85	50,00
37,87	50,00
37,89	50,00
37,92	50,00
37,94	50,00
37,97	50,00
37,99	50,00
38,02	50,00
38,04	50,00
38,07	50,00
38,09	50,00
38,11	50,00
38,14	50,00
38,16	50,00
38,19	50,00
38,21	50,00
38,24	50,00
38,26	50,00
38,29	50,00
38,31	50,00
38,33	50,00
38,36	50,00
38,38	50,00
38,41	50,00
38,43	50,00
38,46	50,00
38,48	50,00
38,51	50,00
38,53	50,00
38,55	50,00
38,58	50,00
38,60	50,00
38,63	50,00
38,65	50,00
38,68	50,00
38,70	50,00
38,73	50,00
38,75	50,00
38,77	50,00
38,80	50,00
38,82	50,00
38,85	50,00
38,87	50,00
38,90	50,00
38,92	50,00
38,94	50,00
38,97	50,00
38,99	50,00
39,02	50,00
39,04	50,00
39,07	50,00
39,09	50,00
39,12	50,00
39,14	50,00
39,16	50,00
39,19	50,00
39,21	50,00
39,24	50,00
39,26	50,00
39,29	50,00
39,31	50,00
39,34	50,00
39,36	50,00
39,38	50,00
39,41	50,00
39,43	50,00
39,46	50,00
39,48	50,00
39,51	50,00
39,53	50,00
39,56	50,00
39,58	50,00
39,60	50,00
39,63	50,00
39,65	50,00
39,68	50,00
39,70	50,00
39,73	50,00
39,75	50,00
39,78	50,00
39,80	50,00
39,82	50,00
39,85	50,00
39,87	50,00
39,90	50,00
39,92	50,00
39,95	50,00
39,97	50,00
39,99	50,00
40,02	50,00
40,04	50,00
40,07	50,00
40,09	50,00
40,12	50,00
40,14	50,00
40,17	50,00
40,19	50,00
40,21	50,00
40,24	50,00
40,26	50,00
40,29	50,00
40,31	50,00
40,34	50,00
40,36	50,00
40,39	50,00
40,41	50,00
40,43	50,00
40,46	50,00
40,48	50,00
40,51	50,00
40,53	50,00
40,56	50,00
40,58	50,00
40,61	50,00
40,63	50,00
40,65	50,00
40,68	50,00
40,70	50,00
40,73	50,00
40,75	50,00
40,78	50,00
40,80	50,00
40,83	50,00
40,85	50,00
40,87	50,00
40,90	50,00
40,92	50,00
40,95	50,00
40,97	50,00
41,00	50,00
41,02	50,00
41,05	50,00
41,07	50,00
41,09	50,00
41,12	50,00
41,14	50,00
41,17	50,00
41,19	50,00
41,22	50,00
41,24	50,00
41,26	50,00
41,29	50,00
41,31	50,00
41,34	50,00
41,36	50,00
41,39	50,00
41,41	50,00
41,44	50,00
41,46	50,00
41,48	50,00
41,51	50,00
41,53	50,00
41,56	50,00
41,58	50,00
41,61	50,00
41,63	50,00
41,66	50,00
41,68	50,00
41,70	50,00
41,73	50,00
41,75	50,00
41,78	50,00
41,80	50,00
41,83	50,00
41,85	50,00
41,88	50,00
41,90	50,00
41,92	50,00
41,95	50,00
41,97	50,00
42,00	50,00
42,02	50,00
42,05	50,00
42,07	50,00
42,10	50,00
42,12	50,00
42,14	50,00
42,17	50,00
42,19	50,00
42,22	50,00
42,24	50,00
42,27	50,00
42,29	50,00
42,31	50,00
42,34	50,00
42,36	50,00
42,39	50,00
42,41	50,00
42,44	50,00
42,46	50,00
42,49	50,00
42,51	50,00
42,53	50,00
42,56	50,00
42,58	50,00
42,61	50,00
42,63	50,00
42,66	50,00
42,68	50,00
42,71	50,00
42,73	50,00
42,75	50,00
42,78	50,00
42,80	50,00
42,83	50,00
42,85	50,00
42,88	50,00
42,90	50,00
42,93	50,00
42,95	50,00
42,97	50,00
43,00	50,00
43,02	50,00
43,05	50,00
43,07	50,00
43,10	50,00
43,12	50,00
43,15	50,00
43,17	50,00
43,19	50,00
43,22	50,00
43,24	50,00
43,27	50,00
43,29	50,00
43,32	50,00
43,34	50,00
43,36	50,00
43,39	50,00
43,41	50,00
43,44	50,00
43,46	50,00
43,49	50,00
43,51	50,00
43,54	50,00
43,56	50,00
43,58	50,00
43,61	50,00
43,63	50,00
43,66	50,00
43,68	50,00
43,71	50,00
43,73	50,00
43,76	50,00
43,78	50,00
43,80	50,00
43,83	50,00
43,85	50,00
43,88	50,00
43,90	50,00
43,93	50,00
43,95	50,00
43,98	50,00
44,00	50,00
44,02	50,00
44,05	50,00
44,07	50,00
44,10	50,00
44,12	50,00
44,15	50,00
44,17	50,00
44,20	50,00
44,22	50,00
44,24	50,00
44,27	50,00
44,29	50,00
44,32	50,00
44,34	50,00
44,37	50,00
44,39	50,00
44,41	50,00
44,44	50,00
44,46	50,00
44,49	50,00
44,51	50,00
44,54	50,00
44,56	50,00
44,59	50,00
44,61	50,00
44,63	50,00
44,66	50,00
44,68	50,00
44,71	50,00
44,73	50,00
44,76	50,00
44,78	50,00
44,81	50,00
44,83	50,00
44,85	50,00
44,88	50,00
44,90	50,00
44,93	50,00
44,95	50,00
44,98	50,00
45,00	50,00
45,03	50,00
45,05	50,00
45,07	50,00
45,10	50,00
45,12	50,00
45,15	50,00
45,17	50,00
45,20	50,00
45,22	50,00
45,25	50,00
45,27	50,00
45,29	50,00
45,32	50,00
45,34	50,00
45,37	50,00
45,39	50,00
45,42	50,00
45,44	50,00
45,47	50,00
45,49	50,00
45,51	50,00
45,54	50,00
45,56	50,00
45,59	50,00
45,61	50,00
45,64	50,00
45,66	50,00
45,68	50,00
45,71	50,00
45,73	50,00
45,76	50,00
45,78	50,00
45,81	50,00
45,83	50,00
45,86	50,00
45,88	50,00
45,90	50,00
45,93	50,00
45,95	50,00
45,98	50,00
46,00	50,00
46,03	50,00
46,05	50,00
46,08	50,00
46,10	50,00
46,12	50,00
46,15	50,00
46,17	50,00
46,20	50,00
46,22	50,00
46,25	50,00
46,27	50,00
46,30	50,00
46,32	50,00
46,34	50,00
46,37	50,00
46,39	50,00
46,42	50,00
46,44	50,00
46,47	50,00
46,49	50,00
46,52	50,00
46,54	50,00
46,56	50,00
46,59	50,00
46,61	50,00
46,64	50,00
46,66	50,00
46,69	50,00
46,71	50,00
46,73	50,00
46,76	50,00
46,78	50,00
46,81	50,00
46,83	50,00
46,86	50,00
46,88	50,00
46,91	50,00
46,93	50,00
46,95	50,00
46,98	50,00
47,00	50,00
47,03	50,00
47,05	50,00
47,08	50,00
47,10	50,00
47,13	50,00
47,15	50,00
47,17	50,00
47,20	50,00
47,22	50,00
47,25	50,00
47,27	50,00
47,30	50,00
47,32	50,00
47,35	50,00
47,37	50,00
47,39	50,00
47,42	50,00
47,44	50,00
47,47	50,00
47,49	50,00
47,52	50,00
47,54	50,00
47,57	50,00
47,59	50,00
47,61	50,00
47,64	50,00
47,66	50,00
47,69	50,00
47,71	50,00
47,74	50,00
47,76	50,00
47,78	50,00
47,81	50,00
47,83	50,00
47,86	50,00
47,88	50,00
47,91	50,00
47,93	50,00
47,96	50,00
47,98	50,00
48,00	50,00
48,03	50,00
48,05	50,00
48,08	50,00
48,10	50,00
48,13	50,00
48,15	50,00
48,18	50,00
48,20	50,00
48,22	50,00
48,25	50,00
48,27	50,00
48,30	50,00
48,32	50,00
48,35	50,00
48,37	50,00
48,40	50,00
48,42	50,00
48,44	50,00
48,47	50,00
48,49	50,00
48,52	50,00
48,54	50,00
48,57	50,00
48,59	50,00
48,62	50,00
48,64	50,00
48,66	50,00
48,69	50,00
48,71	50,00
48,74	50,00
48,76	50,00
48,79	50,00
48,81	50,00
48,84	50,00
48,86	50,00
48,88	50,00
48,91	50,00
48,93	50,00
48,96	50,00
48,98	50,00
49,01	50,00
49,03	50,00
49,05	50,00
49,08	50,00
49,10	50,00
49,13	50,00
49,15	50,00
49,18	50,00
49,20	50,00
49,23	50,00
49,25	50,00
49,27	50,00
49,30	50,00
49,32	50,00
49,35	50,00
49,37	50,00
49,40	50,00
49,42	50,00
49,45	50,00
49,47	50,00
49,49	50,00
49,52	50,00
49,54	50,00
49,57	50,00
49,59	50,00
49,62	50,00
49,64	50,00
49,67	50,00
49,69	50,00
49,71	50,00
49,74	50,00
49,76	50,00
49,79	50,00
49,81	50,00
49,84	50,00
49,86	50,00
49,89	50,00
49,91	50,00
49,93	50,00
49,96	50,00
49,98	50,00
50,01	50,00
50,03	50,00
50,06	50,00
50,08	50,00
50,10	50,00
50,13	50,00
50,15	50,00
50,18	50,00
50,20	50,00
50,23	50,00
50,25	50,00
50,28	50,00
50,30	50,00
50,32	50,00
50,35	50,00
50,37	50,00
50,40	50,00
50,42	50,00
50,45	50,00
50,47	50,00
50,50	50,00
50,52	50,00
50,54	50,00
50,57	50,00
50,59	50,00
50,62	50,00
50,64	50,00
50,67	50,00
50,69	50,00
50,72	50,00
50,74	50,00
50,76	50,00
50,79	50,00
50,81	50,00
50,84	50,00
50,86	50,00
50,89	50,00
50,91	50,00
50,94	50,00
50,96	50,00
50,98	50,00
51,01	50,00
51,03	50,00
51,06	50,00
51,08	50,00
51,11	50,00
51,13	50,00
51,15	50,00
51,18	50,00
51,20	50,00
51,23	50,00
51,25	50,00
51,28	50,00
51,30	50,00
51,33	50,00
51,35	50,00
51,37	50,00
51,40	50,00
51,42	50,00
51,45	50,00
51,47	50,00
51,50	50,00
51,52	50,00
51,55	50,00
51,57	50,00
51,59	50,00
51,62	50,00
51,64	50,00
51,67	50,00
51,69	50,00
51,72	50,00
51,74	50,00
51,77	50,00
51,79	50,00
51,81	50,00
51,84	50,00
51,86	50,00
51,89	50,00
51,91	50,00
51,94	50,00
51,96	50,00
51,99	50,00
52,01	50,00
52,03	50,00
52,06	50,00
52,08	50,00
52,11	50,00
52,13	50,00
52,16	50,00
52,18	50,00
52,20	50,00
52,23	50,00
52,25	50,00
52,28	50,00
52,30	50,00
52,33	50,00
52,35	50,00
52,38	50,00
52,40	50,00
52,42	50,00
52,45	50,00
52,47	50,00
52,50	50,00
52,52	50,00
52,55	50,00
52,57	50,00
52,60	50,00
52,62	50,00
52,64	50,00
52,67	50,00
52,69	50,00
52,72	50,00
52,74	50,00
52,77	50,00
52,79	50,00
52,82	50,00
52,84	50,00
52,86	50,00
52,89	50,00
52,91	50,00
52,94	50,00
52,96	50,00
52,99	50,00
53,01	50,00
53,04	50,00
53,06	50,00
53,08	50,00
53,11	50,00
53,13	50,00
53,16	50,00
53,18	50,00
53,21	50,00
53,23	50,00
53,26	50,00
53,28	50,00
53,30	50,00
53,33	50,00
53,35	50,00
53,38	50,00
53,40	50,00
53,43	50,00
53,45	50,00
53,47	50,00
53,50	50,00
53,52	50,00
53,55	50,00
53,57	50,00
53,60	50,00
53,62	50,00
53,65	50,00
53,67	50,00
53,69	50,00
53,72	50,00
53,74	50,00
53,77	50,00
53,79	50,00
53,82	50,00
53,84	50,00
53,87	50,00
53,89	50,00
53,91	50,00
53,94	50,00
53,96	50,00
53,99	50,00
54,01	50,00
54,04	50,00
54,06	50,00
54,09	50,00
54,11	50,00
54,13	50,00
54,16	50,00
54,18	50,00
54,21	50,00
54,23	50,00
54,26	50,00
54,28	50,00
54,31	50,00
54,33	50,00
54,35	50,00
54,38	50,00
54,40	50,00
54,43	50,00
54,45	50,00
54,48	50,00
54,50	50,00
54,52	50,00
54,55	50,00
54,57	50,00
54,60	50,00
54,62	50,00
54,65	50,00
54,67	50,00
54,70	50,00
54,72	50,00
54,74	50,00
54,77	50,00
54,79	50,00
54,82	50,00
54,84	50,00
54,87	50,00
54,89	50,00
54,92	50,00
54,94	50,00
54,96	50,00
54,99	50,00
55,01	50,00
55,04	50,00
55,06	50,00
55,09	50,00
55,11	50,00
55,14	50,00
55,16	50,00
55,18	50,00
55,21	50,00
55,23	50,00
55,26	50,00
55,28	50,00
55,31	50,00
55,33	50,00
55,36	50,00
55,38	50,00
55,40	50,00
55,43	50,00
55,45	50,00
55,48	50,00
55,50	50,00
55,53	50,00
55,55	50,00
55,57	50,00
55,60	50,00
55,62	50,00
55,65	50,00
55,67	50,00
55,70	50,00
55,72	50,00
55,75	50,00
55,77	50,00
55,79	50,00
55,82	50,00
55,84	50,00
55,87	50,00
55,89	50,00
55,92	50,00
55,94	50,00
55,97	50,00
55,99	50,00
56,01	50,00
56,04	50,00
56,06	50,00
56,09	50,00
56,11	50,00
56,14	50,00
56,16	50,00
56,19	50,00
56,21	50,00
56,23	50,00
56,26	50,00
56,28	50,00
56,31	50,00
56,33	50,00
56,36	50,00
56,38	50,00
56,41	50,00
56,43	50,00
56,45	50,00
56,48	50,00
