Voltage U1	Corriente IA
U1/V	IA/nA

0,02	0,47
0,04	0,45
0,07	0,42
0,09	0,43
0,12	0,40
0,14	0,41
0,17	0,39
0,19	0,42
0,21	0,42
0,24	0,42
0,26	0,39
0,29	0,43
0,31	0,41
0,34	0,43
0,36	0,43
0,39	0,44
0,41	0,47
0,43	0,47
0,46	0,44
0,48	0,47
0,51	0,46
0,53	0,47
0,56	0,50
0,58	0,51
0,61	0,52
0,63	0,53
0,65	0,54
0,68	0,55
0,70	0,54
0,73	0,51
0,75	0,50
0,78	0,47
0,80	0,48
0,83	0,48
0,85	0,48
0,87	0,45
0,90	0,43
0,92	0,41
0,95	0,45
0,97	0,41
1,00	0,41
1,02	0,38
1,05	0,41
1,07	0,41
1,09	0,45
1,12	0,42
1,14	0,46
1,17	0,43
1,19	0,44
1,22	0,41
1,24	0,46
1,26	0,41
1,29	0,48
1,31	0,43
1,34	0,46
1,36	0,44
1,39	0,47
1,41	0,44
1,44	0,48
1,46	0,38
1,48	0,43
1,51	0,38
1,53	0,41
1,56	0,37
1,58	0,40
1,61	0,36
1,63	0,41
1,66	0,37
1,68	0,42
1,70	0,39
1,73	0,42
1,75	0,41
1,78	0,44
1,80	0,42
1,83	0,46
1,85	0,43
1,88	0,46
1,90	0,44
1,92	0,46
1,95	0,45
1,97	0,48
2,00	0,45
2,02	0,51
2,05	0,48
2,07	0,49
2,10	0,48
2,12	0,46
2,14	0,46
2,17	0,49
2,19	0,44
2,22	0,48
2,24	0,47
2,27	0,46
2,29	0,45
2,31	0,44
2,34	0,43
2,36	0,44
2,39	0,44
2,41	0,44
2,44	0,43
2,46	0,42
2,49	0,46
2,51	0,46
2,53	0,48
2,56	0,44
2,58	0,45
2,61	0,45
2,63	0,48
2,66	0,43
2,68	0,45
2,71	0,40
2,73	0,42
2,75	0,43
2,78	0,46
2,80	0,43
2,83	0,47
2,85	0,43
2,88	0,48
2,90	0,45
2,93	0,46
2,95	0,44
2,97	0,47
3,00	0,43
3,02	0,46
3,05	0,43
3,07	0,47
3,10	0,43
3,12	0,46
3,15	0,43
3,17	0,47
3,19	0,43
3,22	0,47
3,24	0,42
3,27	0,46
3,29	0,43
3,32	0,48
3,34	0,45
3,36	0,47
3,39	0,42
3,41	0,46
3,44	0,44
3,46	0,46
3,49	0,45
3,51	0,49
3,54	0,47
3,56	0,51
3,58	0,48
3,61	0,54
3,63	0,51
3,66	0,52
3,68	0,48
3,71	0,46
3,73	0,44
3,76	0,47
3,78	0,43
3,80	0,44
3,83	0,39
3,85	0,41
3,88	0,44
3,90	0,44
3,93	0,42
3,95	0,44
3,98	0,43
4,00	0,44
4,02	0,45
4,05	0,46
4,07	0,48
4,10	0,49
4,12	0,48
4,15	0,49
4,17	0,51
4,20	0,50
4,22	0,52
4,24	0,50
4,27	0,51
4,29	0,49
4,32	0,52
4,34	0,52
4,37	0,54
4,39	0,50
4,42	0,53
4,44	0,50
4,46	0,52
4,49	0,50
4,51	0,51
4,54	0,48
4,56	0,52
4,59	0,46
4,61	0,49
4,63	0,48
4,66	0,49
4,68	0,49
4,71	0,52
4,73	0,46
4,76	0,53
4,78	0,50
4,81	0,54
4,83	0,53
4,85	0,55
4,88	0,53
4,90	0,58
4,93	0,54
4,95	0,61
4,98	0,57
5,00	0,62
5,03	0,59
5,05	0,62
5,07	0,60
5,10	0,63
5,12	0,59
5,15	0,65
5,17	0,58
5,20	0,59
5,22	0,58
5,25	0,60
5,27	0,58
5,29	0,60
5,32	0,55
5,34	0,59
5,37	0,57
5,39	0,58
5,42	0,60
5,44	0,61
5,47	0,60
5,49	0,62
5,51	0,61
5,54	0,63
5,56	0,64
5,59	0,63
5,61	0,63
5,64	0,63
5,66	0,64
5,68	0,66
5,71	0,66
5,73	0,67
5,76	0,68
5,78	0,68
5,81	0,71
5,83	0,69
5,86	0,71
5,88	0,72
5,90	0,72
5,93	0,70
5,95	0,72
5,98	0,71
6,00	0,76
6,03	0,73
6,05	0,74
6,08	0,75
6,10	0,78
6,12	0,77
6,15	0,84
6,17	0,82
6,20	0,85
6,22	0,85
6,25	0,87
6,27	0,84
6,30	0,88
6,32	0,81
6,34	0,88
6,37	0,84
6,39	0,86
6,42	0,86
6,44	0,91
6,47	0,88
6,49	0,94
6,52	0,87
6,54	0,93
6,56	0,93
6,59	0,97
6,61	0,95
6,64	0,99
6,66	0,97
6,69	1,03
6,71	1,00
6,73	1,02
6,76	0,96
6,78	1,00
6,81	1,00
6,83	1,01
6,86	1,00
6,88	1,05
6,91	1,04
6,93	1,09
6,95	1,08
6,98	1,09
7,00	1,07
7,03	1,10
7,05	1,06
7,08	1,12
7,10	1,13
7,13	1,16
7,15	1,17
7,17	1,18
7,20	1,18
7,22	1,23
7,25	1,22
7,27	1,27
7,30	1,27
7,32	1,30
7,35	1,33
7,37	1,31
7,39	1,31
7,42	1,33
7,44	1,33
7,47	1,33
7,49	1,31
7,52	1,30
7,54	1,35
7,57	1,35
7,59	1,37
7,61	1,36
7,64	1,37
7,66	1,37
7,69	1,40
7,71	1,38
7,74	1,42
7,76	1,39
7,78	1,41
7,81	1,41
7,83	1,44
7,86	1,42
7,88	1,46
7,91	1,41
7,93	1,43
7,96	1,41
7,98	1,46
8,00	1,48
8,03	1,53
8,05	1,51
8,08	1,54
8,10	1,50
8,13	1,54
8,15	1,49
8,18	1,51
8,20	1,45
8,22	1,47
8,25	1,46
8,27	1,50
8,30	1,45
8,32	1,49
8,35	1,44
8,37	1,48
8,40	1,47
8,42	1,50
8,44	1,45
8,47	1,49
8,49	1,45
8,52	1,47
8,54	1,49
8,57	1,50
8,59	1,45
8,62	1,52
8,64	1,53
8,66	1,56
8,69	1,57
8,71	1,56
8,74	1,59
8,76	1,64
8,79	1,63
8,81	1,65
8,84	1,63
8,86	1,62
8,88	1,61
8,91	1,61
8,93	1,60
8,96	1,59
8,98	1,57
9,01	1,60
9,03	1,58
9,05	1,56
9,08	1,56
9,10	1,55
9,13	1,57
9,15	1,56
9,18	1,55
9,20	1,55
9,23	1,59
9,25	1,59
9,27	1,62
9,30	1,57
9,32	1,57
9,35	1,56
9,37	1,61
9,40	1,59
9,42	1,59
9,45	1,56
9,47	1,64
9,49	1,63
9,52	1,65
9,54	1,61
9,57	1,61
9,59	1,61
9,62	1,65
9,64	1,59
9,67	1,64
9,69	1,61
9,71	1,66
9,74	1,66
9,76	1,68
9,79	1,63
9,81	1,69
9,84	1,64
9,86	1,69
9,89	1,67
9,91	1,71
9,93	1,67
9,96	1,74
9,98	1,69
10,01	1,75
10,03	1,72
10,06	1,76
10,08	1,74
10,10	1,80
10,13	1,79
10,15	1,83
10,18	1,80
10,20	1,88
10,23	1,86
10,25	1,87
10,28	1,85
10,30	1,87
10,32	1,87
10,35	1,93
10,37	1,89
10,40	1,90
10,42	1,89
10,45	1,90
10,47	1,90
10,50	1,93
10,52	1,90
10,54	1,91
10,57	1,94
10,59	1,99
10,62	2,03
10,64	2,06
10,67	2,06
10,69	2,08
10,72	2,11
10,74	2,13
10,76	2,14
10,79	2,15
10,81	2,18
10,84	2,20
10,86	2,24
10,89	2,24
10,91	2,29
10,94	2,35
10,96	2,39
10,98	2,40
11,01	2,45
11,03	2,45
11,06	2,53
11,08	2,53
11,11	2,56
11,13	2,57
11,15	2,62
11,18	2,61
11,20	2,69
11,23	2,67
11,25	2,73
11,28	2,74
11,30	2,81
11,33	2,83
11,35	2,93
11,37	2,94
11,40	3,02
11,42	3,04
11,45	3,11
11,47	3,12
11,50	3,19
11,52	3,18
11,55	3,24
11,57	3,24
11,59	3,33
11,62	3,33
11,64	3,42
11,67	3,44
11,69	3,51
11,72	3,54
11,74	3,63
11,77	3,63
11,79	3,72
11,81	3,71
11,84	3,77
11,86	3,80
11,89	3,84
11,91	3,85
11,94	3,90
11,96	3,88
11,99	3,93
12,01	3,94
12,03	4,00
12,06	4,01
12,08	4,03
12,11	4,03
12,13	4,07
12,16	4,09
12,18	4,15
12,21	4,15
12,23	4,19
12,25	4,20
12,28	4,24
12,30	4,26
12,33	4,30
12,35	4,29
12,38	4,30
12,40	4,33
12,42	4,35
12,45	4,36
12,47	4,38
12,50	4,37
12,52	4,38
12,55	4,39
12,57	4,34
12,60	4,38
12,62	4,36
12,64	4,36
12,67	4,35
12,69	4,36
12,72	4,34
12,74	4,39
12,77	4,35
12,79	4,38
12,82	4,33
12,84	4,33
12,86	4,33
12,89	4,33
12,91	4,26
12,94	4,31
12,96	4,24
12,99	4,25
13,01	4,22
13,04	4,21
13,06	4,18
13,08	4,21
13,11	4,11
13,13	4,13
13,16	4,07
13,18	4,09
13,21	4,03
13,23	4,06
13,26	3,99
13,28	4,01
13,30	3,95
13,33	3,99
13,35	3,90
13,38	3,89
13,40	3,81
13,43	3,84
13,45	3,78
13,47	3,80
13,50	3,70
13,52	3,74
13,55	3,72
13,57	3,75
13,60	3,72
13,62	3,72
13,65	3,67
13,67	3,73
13,69	3,70
13,72	3,73
13,74	3,67
13,77	3,65
13,79	3,64
13,82	3,67
13,84	3,60
13,87	3,60
13,89	3,56
13,91	3,55
13,94	3,53
13,96	3,52
13,99	3,49
14,01	3,50
14,04	3,48
14,06	3,48
14,09	3,44
14,11	3,43
14,13	3,43
14,16	3,43
14,18	3,42
14,21	3,40
14,23	3,40
14,26	3,42
14,28	3,44
14,31	3,44
14,33	3,47
14,35	3,46
14,38	3,46
14,40	3,47
14,43	3,49
14,45	3,48
14,48	3,51
14,50	3,47
14,52	3,51
14,55	3,51
14,57	3,54
14,60	3,53
14,62	3,57
14,65	3,56
14,67	3,63
14,70	3,61
14,72	3,67
14,74	3,66
14,77	3,71
14,79	3,69
14,82	3,74
14,84	3,72
14,87	3,78
14,89	3,80
14,92	3,84
14,94	3,86
14,96	3,93
14,99	3,92
15,01	4,01
15,04	4,03
15,06	4,07
15,09	4,06
15,11	4,11
15,14	4,15
15,16	4,24
15,18	4,22
15,21	4,29
15,23	4,33
15,26	4,46
15,28	4,50
15,31	4,54
15,33	4,56
15,36	4,66
15,38	4,69
15,40	4,80
15,43	4,82
15,45	4,88
15,48	4,95
15,50	5,04
15,53	5,10
15,55	5,18
15,57	5,20
15,60	5,28
15,62	5,34
15,65	5,41
15,67	5,46
15,70	5,53
15,72	5,60
15,75	5,69
15,77	5,74
15,79	5,83
15,82	5,90
15,84	6,00
15,87	6,10
15,89	6,19
15,92	6,27
15,94	6,37
15,97	6,47
15,99	6,60
16,01	6,69
16,04	6,74
16,06	6,82
16,09	6,89
16,11	7,00
16,14	7,10
16,16	7,18
16,19	7,28
16,21	7,41
16,23	7,51
16,26	7,70
16,28	7,79
16,31	7,91
16,33	8,02
16,36	8,15
16,38	8,24
16,41	8,37
16,43	8,40
16,45	8,52
16,48	8,59
16,50	8,71
16,53	8,80
16,55	8,95
16,58	9,05
16,60	9,25
16,63	9,30
16,65	9,44
16,67	9,51
16,70	9,62
16,72	9,69
16,75	9,80
16,77	9,82
16,80	9,98
16,82	10,04
16,84	10,16
16,87	10,24
16,89	10,35
16,92	10,38
16,94	10,48
16,97	10,52
16,99	10,61
17,02	10,63
17,04	10,68
17,06	10,70
17,09	10,79
17,11	10,81
17,14	10,84
17,16	10,85
17,19	10,88
17,21	10,89
17,24	10,89
17,26	10,88
17,28	10,88
17,31	10,84
17,33	10,87
17,36	10,85
17,38	10,82
17,41	10,83
17,43	10,79
17,46	10,78
17,48	10,76
17,50	10,71
17,53	10,67
17,55	10,61
17,58	10,53
17,60	10,48
17,63	10,40
17,65	10,33
17,68	10,23
17,70	10,16
17,72	10,08
17,75	10,00
17,77	9,93
17,80	9,88
17,82	9,81
17,85	9,77
17,87	9,68
17,89	9,58
17,92	9,49
17,94	9,42
17,97	9,28
17,99	9,19
18,02	9,07
18,04	8,97
18,07	8,88
18,09	8,81
18,11	8,69
18,14	8,63
18,16	8,51
18,19	8,46
18,21	8,36
18,24	8,29
18,26	8,17
18,29	8,09
18,31	7,93
18,33	7,89
18,36	7,74
18,38	7,71
18,41	7,60
18,43	7,53
18,46	7,43
18,48	7,42
18,51	7,30
18,53	7,32
18,55	7,20
18,58	7,14
18,60	7,07
18,63	7,06
18,65	6,95
18,68	6,93
18,70	6,80
18,73	6,78
18,75	6,72
18,77	6,69
18,80	6,66
18,82	6,66
18,85	6,59
18,87	6,58
18,90	6,53
18,92	6,56
18,94	6,51
18,97	6,47
18,99	6,43
19,02	6,42
19,04	6,38
19,07	6,39
19,09	6,35
19,12	6,33
19,14	6,31
19,16	6,30
19,19	6,30
19,21	6,33
19,24	6,30
19,26	6,34
19,29	6,37
19,31	6,38
19,34	6,42
19,36	6,45
19,38	6,47
19,41	6,51
19,43	6,51
19,46	6,53
19,48	6,57
19,51	6,60
19,53	6,66
19,56	6,67
19,58	6,73
19,60	6,76
19,63	6,85
19,65	6,94
19,68	7,02
19,70	7,04
19,73	7,14
19,75	7,17
19,78	7,29
19,80	7,35
19,82	7,41
19,85	7,44
19,87	7,56
19,90	7,61
19,92	7,75
19,95	7,80
19,97	7,89
19,99	7,99
20,02	8,14
20,04	8,18
20,07	8,34
20,09	8,43
20,12	8,55
20,14	8,65
20,17	8,75
20,19	8,83
20,21	8,99
20,24	9,06
20,26	9,18
20,29	9,29
20,31	9,44
20,34	9,55
20,36	9,72
20,39	9,85
20,41	10,03
20,43	10,15
20,46	10,34
20,48	10,44
20,51	10,60
20,53	10,72
20,56	10,86
20,58	10,96
20,61	11,14
20,63	11,24
20,65	11,42
20,68	11,54
20,70	11,70
20,73	11,90
20,75	12,10
20,78	12,26
20,80	12,45
20,83	12,63
20,85	12,82
20,87	13,04
20,90	13,17
20,92	13,36
20,95	13,54
20,97	13,71
21,00	13,90
21,02	14,10
21,05	14,27
21,07	14,49
21,09	14,68
21,12	14,91
21,14	15,12
21,17	15,35
21,19	15,57
21,22	15,79
21,24	15,95
21,26	16,17
21,29	16,31
21,31	16,55
21,34	16,72
21,36	16,93
21,39	17,11
21,41	17,37
21,44	17,57
21,46	17,86
21,48	18,06
21,51	18,32
21,53	18,52
21,56	18,77
21,58	18,95
21,61	19,16
21,63	19,30
21,66	19,53
21,68	19,66
21,70	19,85
21,73	19,99
21,75	20,20
21,78	20,36
21,80	20,59
21,83	20,68
21,85	20,91
21,88	21,02
21,90	21,17
21,92	21,25
21,95	21,36
21,97	21,38
22,00	21,50
22,02	21,52
22,05	21,59
22,07	21,59
22,10	21,63
22,12	21,64
22,14	21,69
22,17	21,68
22,19	21,68
22,22	21,61
22,24	21,60
22,27	21,55
22,29	21,52
22,31	21,44
22,34	21,37
22,36	21,24
22,39	21,20
22,41	21,07
22,44	20,95
22,46	20,81
22,49	20,68
22,51	20,53
22,53	20,40
22,56	20,21
22,58	20,10
22,61	19,93
22,63	19,76
22,66	19,57
22,68	19,38
22,71	19,19
22,73	19,05
22,75	18,82
22,78	18,62
22,80	18,40
22,83	18,19
22,85	17,97
22,88	17,75
22,90	17,52
22,93	17,28
22,95	17,02
22,97	16,82
23,00	16,61
23,02	16,41
23,05	16,20
23,07	15,95
23,10	15,74
23,12	15,56
23,15	15,34
23,17	15,13
23,19	14,93
23,22	14,70
23,24	14,51
23,27	14,30
23,29	14,10
23,32	13,91
23,34	13,74
23,36	13,54
23,39	13,41
23,41	13,20
23,44	13,08
23,46	12,92
23,49	12,81
23,51	12,61
23,54	12,48
23,56	12,28
23,58	12,19
23,61	12,03
23,63	11,93
23,66	11,78
23,68	11,71
23,71	11,59
23,73	11,56
23,76	11,46
23,78	11,41
23,80	11,32
23,83	11,29
23,85	11,22
23,88	11,20
23,90	11,11
23,93	11,11
23,95	11,06
23,98	11,09
24,00	11,04
24,02	11,04
24,05	11,06
24,07	11,07
24,10	11,06
24,12	11,09
24,15	11,04
24,17	11,08
24,20	11,08
24,22	11,08
24,24	11,11
24,27	11,14
24,29	11,17
24,32	11,26
24,34	11,31
24,37	11,38
24,39	11,47
24,42	11,55
24,44	11,59
24,46	11,69
24,49	11,76
24,51	11,85
24,54	11,97
24,56	12,08
24,59	12,20
24,61	12,34
24,63	12,45
24,66	12,59
24,68	12,76
24,71	12,89
24,73	13,04
24,76	13,15
24,78	13,35
24,81	13,48
24,83	13,64
24,85	13,78
24,88	13,96
24,90	14,09
24,93	14,31
24,95	14,44
24,98	14,68
25,00	14,85
25,03	15,05
25,05	15,23
25,07	15,43
25,10	15,57
25,12	15,79
25,15	15,91
25,17	16,14
25,20	16,32
25,22	16,53
25,25	16,74
25,27	17,00
25,29	17,20
25,32	17,50
25,34	17,70
25,37	17,96
25,39	18,21
25,42	18,44
25,44	18,66
25,47	18,91
25,49	19,11
25,51	19,37
25,54	19,58
25,56	19,82
25,59	20,10
25,61	20,38
25,64	20,64
25,66	20,96
25,68	21,26
25,71	21,58
25,73	21,83
25,76	22,15
25,78	22,42
25,81	22,70
25,83	22,94
25,86	23,19
25,88	23,44
25,90	23,77
25,93	24,03
25,95	24,37
25,98	24,71
26,00	25,08
26,03	25,44
26,05	25,82
26,08	26,15
26,10	26,52
26,12	26,83
26,15	27,11
26,17	27,39
26,20	27,70
26,22	28,00
26,25	28,33
26,27	28,64
26,30	28,95
26,32	29,32
26,34	29,67
26,37	30,02
26,39	30,35
26,42	30,74
26,44	31,06
26,47	31,37
26,49	31,65
26,52	31,98
26,54	32,25
26,56	32,57
26,59	32,80
26,61	33,09
26,64	33,40
26,66	33,77
26,69	34,02
26,71	34,34
26,73	34,58
26,76	34,87
26,78	35,11
26,81	35,36
26,83	35,50
26,86	35,70
26,88	35,84
26,91	36,03
26,93	36,14
26,95	36,28
26,98	36,36
27,00	36,50
27,03	36,57
27,05	36,70
27,08	36,71
27,10	36,77
27,13	36,77
27,15	36,80
27,17	36,79
27,20	36,81
27,22	36,69
27,25	36,69
27,27	36,59
27,30	36,52
27,32	36,42
27,35	36,33
27,37	36,19
27,39	36,16
27,42	35,93
27,44	35,79
27,47	35,56
27,49	35,39
27,52	35,18
27,54	35,01
27,57	34,76
27,59	34,59
27,61	34,37
27,64	34,20
27,66	33,92
27,69	33,65
27,71	33,32
27,74	32,99
27,76	32,64
27,78	32,32
27,81	31,94
27,83	31,59
27,86	31,28
27,88	30,95
27,91	30,62
27,93	30,29
27,96	29,91
27,98	29,59
28,00	29,25
28,03	28,85
28,05	28,46
28,08	28,07
28,10	27,67
28,13	27,31
28,15	26,92
28,18	26,54
28,20	26,16
28,22	25,85
28,25	25,57
28,27	25,28
28,30	24,97
28,32	24,66
28,35	24,38
28,37	24,15
28,40	23,86
28,42	23,50
28,44	23,22
28,47	22,91
28,49	22,66
28,52	22,40
28,54	22,11
28,57	21,86
28,59	21,68
28,62	21,44
28,64	21,27
28,66	21,06
28,69	20,90
28,71	20,73
28,74	20,59
28,76	20,40
28,79	20,29
28,81	20,16
28,84	20,06
28,86	19,91
28,88	19,82
28,91	19,70
28,93	19,68
28,96	19,59
28,98	19,56
29,01	19,49
29,03	19,49
29,05	19,46
29,08	19,46
29,10	19,42
29,13	19,48
29,15	19,44
29,18	19,51
29,20	19,51
29,23	19,57
29,25	19,62
29,27	19,71
29,30	19,75
29,32	19,84
29,35	19,90
29,37	20,03
29,40	20,08
29,42	20,19
29,45	20,32
29,47	20,46
29,49	20,61
29,52	20,78
29,54	20,93
29,57	21,15
29,59	21,34
29,62	21,50
29,64	21,65
29,67	21,82
29,69	21,99
29,71	22,20
29,74	22,38
29,76	22,58
29,79	22,83
29,81	23,07
29,84	23,35
29,86	23,61
29,89	23,87
29,91	24,17
29,93	24,46
29,96	24,69
29,98	24,95
30,01	25,17
30,03	25,44
30,06	25,66
30,08	25,95
30,10	26,21
30,13	26,54
30,15	26,85
30,18	27,23
30,20	27,53
30,23	27,91
30,25	28,20
30,28	28,58
30,30	28,86
30,32	29,22
30,35	29,49
30,37	29,85
30,40	30,15
30,42	30,52
30,45	30,86
30,47	31,28
30,50	31,63
30,52	32,07
30,54	32,47
30,57	32,95
30,59	33,35
30,62	33,80
30,64	34,22
30,67	34,61
30,69	34,98
30,72	35,37
30,74	35,71
30,76	36,10
30,79	36,45
30,81	36,84
30,84	37,32
30,86	37,76
30,89	38,22
30,91	38,74
30,94	39,23
30,96	39,73
30,98	40,25
31,01	40,68
31,03	41,13
31,06	41,59
31,08	42,00
31,11	42,44
31,13	42,86
31,15	43,31
31,18	43,84
31,20	44,30
31,23	44,79
31,25	45,32
31,28	45,86
31,30	46,42
31,33	46,93
31,35	47,36
31,37	47,88
31,40	48,30
31,42	48,74
31,45	49,08
31,47	49,36
31,50	49,58
31,52	49,79
31,55	49,91
31,57	50,00
31,59	50,00
31,62	50,00
31,64	50,00
31,67	50,00
31,69	50,00
31,72	50,00
31,74	50,00
31,77	50,00
31,79	50,00
31,81	50,00
31,84	50,00
31,86	50,00
31,89	50,00
31,91	50,00
31,94	50,00
31,96	50,00
31,99	50,00
32,01	50,00
32,03	50,00
32,06	50,00
32,08	50,00
32,11	50,00
32,13	50,00
32,16	50,00
32,18	50,00
32,20	50,00
32,23	50,00
32,25	50,00
32,28	50,00
32,30	50,00
32,33	50,00
32,35	50,00
32,38	50,00
32,40	50,00
32,42	50,00
32,45	50,00
32,47	50,00
32,50	50,00
32,52	50,00
32,55	50,00
32,57	50,00
32,60	50,00
32,62	50,00
32,64	50,00
32,67	50,00
32,69	50,00
32,72	50,00
32,74	50,00
32,77	50,00
32,79	50,00
32,82	50,00
32,84	50,00
32,86	50,00
32,89	50,00
32,91	50,00
32,94	50,00
32,96	50,00
32,99	50,00
33,01	49,91
33,04	49,76
33,06	49,55
33,08	49,23
33,11	48,92
33,13	48,58
33,16	48,12
33,18	47,67
33,21	47,26
33,23	46,81
33,26	46,36
33,28	45,86
33,30	45,31
33,33	44,82
33,35	44,32
33,38	43,79
33,40	43,26
33,43	42,80
33,45	42,35
33,47	41,93
33,50	41,53
33,52	41,15
33,55	40,73
33,57	40,38
33,60	39,97
33,62	39,59
33,65	39,18
33,67	38,78
33,69	38,42
33,72	38,08
33,74	37,75
33,77	37,49
33,79	37,24
33,82	36,97
33,84	36,79
33,87	36,58
33,89	36,43
33,91	36,25
33,94	36,07
33,96	35,86
33,99	35,74
34,01	35,56
34,04	35,44
34,06	35,24
34,09	35,19
34,11	35,06
34,13	35,05
34,16	34,96
34,18	34,93
34,21	34,87
34,23	34,96
34,26	34,91
34,28	34,99
34,31	34,99
34,33	35,09
34,35	35,14
34,38	35,27
34,40	35,35
34,43	35,51
34,45	35,62
34,48	35,81
34,50	35,91
34,52	36,12
34,55	36,27
34,57	36,45
34,60	36,60
34,62	36,83
34,65	36,99
34,67	37,27
34,70	37,51
34,72	37,82
34,74	38,08
34,77	38,40
34,79	38,69
34,82	39,04
34,84	39,34
34,87	39,63
34,89	39,89
34,92	40,22
34,94	40,58
34,96	40,93
34,99	41,26
35,01	41,64
35,04	42,04
35,06	42,45
35,09	42,90
35,11	43,30
35,14	43,78
35,16	44,22
35,18	44,61
35,21	45,00
35,23	45,45
35,26	45,84
35,28	46,29
35,31	46,68
35,33	47,13
35,36	47,66
35,38	48,19
35,40	48,65
35,43	49,08
35,45	49,39
35,48	49,65
35,50	49,85
35,53	49,97
35,55	50,00
35,57	50,00
35,60	50,00
35,62	50,00
35,65	50,00
35,67	50,00
35,70	50,00
35,72	50,00
35,75	50,00
35,77	50,00
35,79	50,00
35,82	50,00
35,84	50,00
35,87	50,00
35,89	50,00
35,92	50,00
35,94	50,00
35,97	50,00
35,99	50,00
36,01	50,00
36,04	50,00
36,06	50,00
36,09	50,00
36,11	50,00
36,14	50,00
36,16	50,00
36,19	50,00
36,21	50,00
36,23	50,00
36,26	50,00
36,28	50,00
36,31	50,00
36,33	50,00
36,36	50,00
36,38	50,00
36,41	50,00
36,43	50,00
36,45	50,00
36,48	50,00
36,50	50,00
36,53	50,00
36,55	50,00
36,58	50,00
36,60	50,00
36,62	50,00
36,65	50,00
36,67	50,00
36,70	50,00
36,72	50,00
36,75	50,00
36,77	50,00
36,80	50,00
36,82	50,00
36,84	50,00
36,87	50,00
36,89	50,00
36,92	50,00
36,94	50,00
36,97	50,00
36,99	50,00
37,02	50,00
37,04	50,00
37,06	50,00
37,09	50,00
37,11	50,00
37,14	50,00
37,16	50,00
37,19	50,00
37,21	50,00
37,24	50,00
37,26	50,00
37,28	50,00
37,31	50,00
37,33	50,00
37,36	50,00
37,38	50,00
37,41	50,00
37,43	50,00
37,46	50,00
37,48	50,00
37,50	50,00
37,53	50,00
37,55	50,00
37,58	50,00
37,60	50,00
37,63	50,00
37,65	50,00
37,68	50,00
37,70	50,00
37,72	50,00
37,75	50,00
37,77	50,00
37,80	50,00
37,82	50,00
37,85	50,00
37,87	50,00
37,89	50,00
37,92	50,00
37,94	50,00
37,97	50,00
37,99	50,00
38,02	50,00
38,04	50,00
38,07	50,00
38,09	50,00
38,11	50,00
38,14	50,00
38,16	50,00
38,19	50,00
38,21	50,00
38,24	50,00
38,26	50,00
38,29	50,00
38,31	50,00
38,33	50,00
38,36	50,00
38,38	50,00
38,41	50,00
38,43	50,00
38,46	50,00
38,48	50,00
38,51	50,00
38,53	50,00
38,55	50,00
38,58	50,00
38,60	50,00
38,63	50,00
38,65	50,00
38,68	50,00
38,70	50,00
38,73	50,00
38,75	50,00
38,77	50,00
38,80	50,00
38,82	50,00
38,85	50,00
38,87	50,00
38,90	50,00
38,92	50,00
38,94	50,00
38,97	50,00
38,99	50,00
39,02	50,00
39,04	50,00
39,07	50,00
39,09	50,00
39,12	50,00
39,14	50,00
39,16	50,00
39,19	50,00
39,21	50,00
39,24	50,00
39,26	50,00
39,29	50,00
39,31	50,00
39,34	50,00
39,36	50,00
39,38	50,00
39,41	50,00
39,43	50,00
39,46	50,00
39,48	50,00
39,51	50,00
39,53	50,00
39,56	50,00
39,58	50,00
39,60	50,00
39,63	50,00
39,65	50,00
39,68	50,00
39,70	50,00
39,73	50,00
39,75	50,00
39,78	50,00
39,80	50,00
39,82	50,00
39,85	50,00
39,87	50,00
39,90	50,00
39,92	50,00
39,95	50,00
39,97	50,00
39,99	50,00
40,02	50,00
40,04	50,00
40,07	50,00
40,09	50,00
40,12	50,00
40,14	50,00
40,17	50,00
40,19	50,00
40,21	50,00
40,24	50,00
40,26	50,00
40,29	50,00
40,31	50,00
40,34	50,00
40,36	50,00
40,39	50,00
40,41	50,00
40,43	50,00
40,46	50,00
40,48	50,00
40,51	50,00
40,53	50,00
40,56	50,00
40,58	50,00
40,61	50,00
40,63	50,00
40,65	50,00
40,68	50,00
40,70	50,00
40,73	50,00
40,75	50,00
40,78	50,00
40,80	50,00
40,83	50,00
40,85	50,00
40,87	50,00
40,90	50,00
40,92	50,00
40,95	50,00
40,97	50,00
41,00	50,00
41,02	50,00
41,05	50,00
41,07	50,00
41,09	50,00
41,12	50,00
41,14	50,00
41,17	50,00
41,19	50,00
41,22	50,00
41,24	50,00
41,26	50,00
41,29	50,00
41,31	50,00
41,34	50,00
41,36	50,00
41,39	50,00
41,41	50,00
41,44	50,00
41,46	50,00
41,48	50,00
41,51	50,00
41,53	50,00
41,56	50,00
41,58	50,00
41,61	50,00
41,63	50,00
41,66	50,00
41,68	50,00
41,70	50,00
41,73	50,00
41,75	50,00
41,78	50,00
41,80	50,00
41,83	50,00
41,85	50,00
41,88	50,00
41,90	50,00
41,92	50,00
41,95	50,00
41,97	50,00
42,00	50,00
42,02	50,00
42,05	50,00
42,07	50,00
42,10	50,00
42,12	50,00
42,14	50,00
42,17	50,00
42,19	50,00
42,22	50,00
42,24	50,00
42,27	50,00
42,29	50,00
42,31	50,00
42,34	50,00
42,36	50,00
42,39	50,00
42,41	50,00
42,44	50,00
42,46	50,00
42,49	50,00
42,51	50,00
42,53	50,00
42,56	50,00
42,58	50,00
42,61	50,00
42,63	50,00
42,66	50,00
42,68	50,00
42,71	50,00
42,73	50,00
42,75	50,00
42,78	50,00
42,80	50,00
42,83	50,00
42,85	50,00
42,88	50,00
42,90	50,00
42,93	50,00
42,95	50,00
42,97	50,00
43,00	50,00
43,02	50,00
43,05	50,00
43,07	50,00
43,10	50,00
43,12	50,00
43,15	50,00
43,17	50,00
43,19	50,00
43,22	50,00
43,24	50,00
43,27	50,00
43,29	50,00
43,32	50,00
43,34	50,00
43,36	50,00
43,39	50,00
43,41	50,00
43,44	50,00
43,46	50,00
43,49	50,00
43,51	50,00
43,54	50,00
43,56	50,00
43,58	50,00
43,61	50,00
43,63	50,00
43,66	50,00
43,68	50,00
43,71	50,00
43,73	50,00
43,76	50,00
43,78	50,00
43,80	50,00
43,83	50,00
43,85	50,00
43,88	50,00
43,90	50,00
43,93	50,00
43,95	50,00
43,98	50,00
44,00	50,00
44,02	50,00
44,05	50,00
44,07	50,00
44,10	50,00
44,12	50,00
44,15	50,00
44,17	50,00
44,20	50,00
44,22	50,00
44,24	50,00
44,27	50,00
44,29	50,00
44,32	50,00
44,34	50,00
44,37	50,00
44,39	50,00
44,41	50,00
44,44	50,00
44,46	50,00
44,49	50,00
44,51	50,00
44,54	50,00
44,56	50,00
44,59	50,00
44,61	50,00
44,63	50,00
44,66	50,00
44,68	50,00
44,71	50,00
44,73	50,00
44,76	50,00
44,78	50,00
44,81	50,00
44,83	50,00
44,85	50,00
44,88	50,00
44,90	50,00
44,93	50,00
44,95	50,00
44,98	50,00
45,00	50,00
45,03	50,00
45,05	50,00
45,07	50,00
45,10	50,00
45,12	50,00
45,15	50,00
45,17	50,00
45,20	50,00
45,22	50,00
45,25	50,00
45,27	50,00
45,29	50,00
45,32	50,00
45,34	50,00
45,37	50,00
45,39	50,00
45,42	50,00
45,44	50,00
45,47	50,00
45,49	50,00
45,51	50,00
45,54	50,00
45,56	50,00
45,59	50,00
45,61	50,00
45,64	50,00
45,66	50,00
45,68	50,00
45,71	50,00
45,73	50,00
45,76	50,00
45,78	50,00
45,81	50,00
45,83	50,00
45,86	50,00
45,88	50,00
45,90	50,00
45,93	50,00
45,95	50,00
45,98	50,00
46,00	50,00
46,03	50,00
46,05	50,00
46,08	50,00
46,10	50,00
46,12	50,00
46,15	50,00
46,17	50,00
46,20	50,00
46,22	50,00
46,25	50,00
46,27	50,00
46,30	50,00
46,32	50,00
46,34	50,00
46,37	50,00
46,39	50,00
46,42	50,00
46,44	50,00
46,47	50,00
46,49	50,00
46,52	50,00
46,54	50,00
46,56	50,00
46,59	50,00
46,61	50,00
46,64	50,00
46,66	50,00
46,69	50,00
46,71	50,00
46,73	50,00
46,76	50,00
46,78	50,00
46,81	50,00
46,83	50,00
46,86	50,00
46,88	50,00
46,91	50,00
46,93	50,00
46,95	50,00
46,98	50,00
47,00	50,00
47,03	50,00
47,05	50,00
47,08	50,00
47,10	50,00
47,13	50,00
47,15	50,00
47,17	50,00
47,20	50,00
47,22	50,00
47,25	50,00
47,27	50,00
47,30	50,00
47,32	50,00
47,35	50,00
47,37	50,00
47,39	50,00
47,42	50,00
47,44	50,00
47,47	50,00
47,49	50,00
47,52	50,00
47,54	50,00
47,57	50,00
47,59	50,00
47,61	50,00
47,64	50,00
47,66	50,00
47,69	50,00
47,71	50,00
47,74	50,00
47,76	50,00
47,78	50,00
47,81	50,00
47,83	50,00
47,86	50,00
47,88	50,00
47,91	50,00
47,93	50,00
47,96	50,00
47,98	50,00
48,00	50,00
48,03	50,00
48,05	50,00
48,08	50,00
48,10	50,00
48,13	50,00
48,15	50,00
48,18	50,00
48,20	50,00
48,22	50,00
48,25	50,00
48,27	50,00
48,30	50,00
48,32	50,00
48,35	50,00
48,37	50,00
48,40	50,00
48,42	50,00
48,44	50,00
48,47	50,00
48,49	50,00
48,52	50,00
48,54	50,00
48,57	50,00
48,59	50,00
48,62	50,00
48,64	50,00
48,66	50,00
48,69	50,00
48,71	50,00
48,74	50,00
48,76	50,00
48,79	50,00
48,81	50,00
48,84	50,00
48,86	50,00
48,88	50,00
48,91	50,00
48,93	50,00
48,96	50,00
48,98	50,00
49,01	50,00
49,03	50,00
49,05	50,00
49,08	50,00
49,10	50,00
49,13	50,00
49,15	50,00
49,18	50,00
49,20	50,00
49,23	50,00
49,25	50,00
49,27	50,00
49,30	50,00
49,32	50,00
49,35	50,00
49,37	50,00
49,40	50,00
49,42	50,00
49,45	50,00
49,47	50,00
49,49	50,00
49,52	50,00
49,54	50,00
49,57	50,00
49,59	50,00
49,62	50,00
49,64	50,00
49,67	50,00
49,69	50,00
49,71	50,00
49,74	50,00
49,76	50,00
49,79	50,00
49,81	50,00
49,84	50,00
49,86	50,00
49,89	50,00
49,91	50,00
49,93	50,00
49,96	50,00
49,98	50,00
50,01	50,00
50,03	50,00
50,06	50,00
50,08	50,00
50,10	50,00
50,13	50,00
50,15	50,00
50,18	50,00
50,20	50,00
50,23	50,00
50,25	50,00
50,28	50,00
50,30	50,00
50,32	50,00
50,35	50,00
50,37	50,00
50,40	50,00
50,42	50,00
50,45	50,00
50,47	50,00
50,50	50,00
50,52	50,00
50,54	50,00
50,57	50,00
50,59	50,00
50,62	50,00
50,64	50,00
50,67	50,00
50,69	50,00
50,72	50,00
50,74	50,00
50,76	50,00
50,79	50,00
50,81	50,00
50,84	50,00
50,86	50,00
50,89	50,00
50,91	50,00
50,94	50,00
50,96	50,00
50,98	50,00
51,01	50,00
51,03	50,00
51,06	50,00
51,08	50,00
51,11	50,00
51,13	50,00
51,15	50,00
51,18	50,00
51,20	50,00
51,23	50,00
51,25	50,00
51,28	50,00
51,30	50,00
51,33	50,00
51,35	50,00
51,37	50,00
51,40	50,00
51,42	50,00
51,45	50,00
51,47	50,00
51,50	50,00
51,52	50,00
51,55	50,00
51,57	50,00
51,59	50,00
51,62	50,00
51,64	50,00
51,67	50,00
51,69	50,00
51,72	50,00
51,74	50,00
51,77	50,00
51,79	50,00
51,81	50,00
51,84	50,00
51,86	50,00
51,89	50,00
51,91	50,00
51,94	50,00
51,96	50,00
51,99	50,00
52,01	50,00
52,03	50,00
52,06	50,00
52,08	50,00
52,11	50,00
52,13	50,00
52,16	50,00
52,18	50,00
52,20	50,00
52,23	50,00
52,25	50,00
52,28	50,00
52,30	50,00
52,33	50,00
52,35	50,00
52,38	50,00
52,40	50,00
52,42	50,00
52,45	50,00
52,47	50,00
52,50	50,00
52,52	50,00
52,55	50,00
52,57	50,00
52,60	50,00
52,62	50,00
52,64	50,00
52,67	50,00
52,69	50,00
52,72	50,00
52,74	50,00
52,77	50,00
52,79	50,00
52,82	50,00
52,84	50,00
52,86	50,00
52,89	50,00
52,91	50,00
52,94	50,00
52,96	50,00
52,99	50,00
53,01	50,00
53,04	50,00
53,06	50,00
53,08	50,00
53,11	50,00
53,13	50,00
53,16	50,00
53,18	50,00
53,21	50,00
53,23	50,00
53,26	50,00
53,28	50,00
53,30	50,00
53,33	50,00
53,35	50,00
53,38	50,00
53,40	50,00
53,43	50,00
53,45	50,00
53,47	50,00
53,50	50,00
53,52	50,00
53,55	50,00
53,57	50,00
53,60	50,00
53,62	50,00
53,65	50,00
53,67	50,00
53,69	50,00
53,72	50,00
53,74	50,00
53,77	50,00
53,79	50,00
53,82	50,00
53,84	50,00
53,87	50,00
53,89	50,00
53,91	50,00
53,94	50,00
53,96	50,00
53,99	50,00
54,01	50,00
54,04	50,00
54,06	50,00
54,09	50,00
54,11	50,00
54,13	50,00
54,16	50,00
54,18	50,00
54,21	50,00
54,23	50,00
54,26	50,00
54,28	50,00
54,31	50,00
54,33	50,00
54,35	50,00
54,38	50,00
54,40	50,00
54,43	50,00
54,45	50,00
54,48	50,00
54,50	50,00
54,52	50,00
54,55	50,00
54,57	50,00
54,60	50,00
54,62	50,00
54,65	50,00
54,67	50,00
54,70	50,00
54,72	50,00
54,74	50,00
54,77	50,00
54,79	50,00
54,82	50,00
54,84	50,00
54,87	50,00
54,89	50,00
54,92	50,00
54,94	50,00
54,96	50,00
54,99	50,00
55,01	50,00
55,04	50,00
55,06	50,00
55,09	50,00
55,11	50,00
55,14	50,00
55,16	50,00
55,18	50,00
55,21	50,00
55,23	50,00
55,26	50,00
55,28	50,00
55,31	50,00
55,33	50,00
55,36	50,00
55,38	50,00
55,40	50,00
55,43	50,00
55,45	50,00
55,48	50,00
55,50	50,00
55,53	50,00
55,55	50,00
55,57	50,00
55,60	50,00
55,62	50,00
55,65	50,00
55,67	50,00
55,70	50,00
55,72	50,00
55,75	50,00
55,77	50,00
55,79	50,00
55,82	50,00
55,84	50,00
55,87	50,00
55,89	50,00
55,92	50,00
55,94	50,00
55,97	50,00
55,99	50,00
56,01	50,00
