
U1/V	IA/nA

0,02	0,54
0,04	0,52
0,07	0,49
0,09	0,48
0,12	0,42
0,14	0,48
0,17	0,42
0,19	0,41
0,21	0,41
0,24	0,44
0,26	0,43
0,29	0,46
0,31	0,40
0,34	0,45
0,36	0,44
0,39	0,45
0,41	0,44
0,43	0,44
0,46	0,43
0,48	0,47
0,51	0,41
0,53	0,46
0,56	0,44
0,58	0,41
0,61	0,41
0,63	0,39
0,65	0,37
0,68	0,41
0,70	0,37
0,73	0,38
0,75	0,38
0,78	0,36
0,80	0,38
0,83	0,38
0,85	0,39
0,87	0,41
0,90	0,40
0,92	0,41
0,95	0,44
0,97	0,45
1,00	0,46
1,02	0,44
1,05	0,43
1,07	0,44
1,09	0,46
1,12	0,45
1,14	0,48
1,17	0,48
1,19	0,50
1,22	0,47
1,24	0,48
1,26	0,46
1,29	0,48
1,31	0,41
1,34	0,44
1,36	0,41
1,39	0,45
1,41	0,42
1,44	0,43
1,46	0,41
1,48	0,43
1,51	0,37
1,53	0,42
1,56	0,41
1,58	0,45
1,61	0,44
1,63	0,48
1,66	0,46
1,68	0,50
1,70	0,44
1,73	0,45
1,75	0,40
1,78	0,42
1,80	0,40
1,83	0,43
1,85	0,41
1,88	0,44
1,90	0,41
1,92	0,47
1,95	0,44
1,97	0,42
2,00	0,40
2,02	0,41
2,05	0,38
2,07	0,42
2,10	0,38
2,12	0,39
2,14	0,40
2,17	0,39
2,19	0,41
2,22	0,43
2,24	0,40
2,27	0,42
2,29	0,42
2,31	0,44
2,34	0,47
2,36	0,48
2,39	0,48
2,41	0,49
2,44	0,48
2,46	0,47
2,49	0,49
2,51	0,49
2,53	0,47
2,56	0,44
2,58	0,44
2,61	0,44
2,63	0,48
2,66	0,46
2,68	0,45
2,71	0,45
2,73	0,50
2,75	0,50
2,78	0,50
2,80	0,47
2,83	0,46
2,85	0,44
2,88	0,46
2,90	0,40
2,93	0,44
2,95	0,41
2,97	0,43
3,00	0,43
3,02	0,44
3,05	0,42
3,07	0,48
3,10	0,45
3,12	0,49
3,15	0,48
3,17	0,49
3,19	0,46
3,22	0,50
3,24	0,44
3,27	0,47
3,29	0,40
3,32	0,44
3,34	0,44
3,36	0,46
3,39	0,38
3,41	0,41
3,44	0,38
3,46	0,42
3,49	0,40
3,51	0,38
3,54	0,36
3,56	0,39
3,58	0,37
3,61	0,40
3,63	0,38
3,66	0,39
3,68	0,37
3,71	0,41
3,73	0,42
3,76	0,44
3,78	0,44
3,80	0,46
3,83	0,45
3,85	0,48
3,88	0,47
3,90	0,48
3,93	0,48
3,95	0,48
3,98	0,44
4,00	0,45
4,02	0,43
4,05	0,43
4,07	0,45
4,10	0,43
4,12	0,42
4,15	0,42
4,17	0,43
4,20	0,46
4,22	0,47
4,24	0,43
4,27	0,45
4,29	0,44
4,32	0,46
4,34	0,42
4,37	0,44
4,39	0,41
4,42	0,42
4,44	0,42
4,46	0,47
4,49	0,47
4,51	0,50
4,54	0,47
4,56	0,50
4,59	0,48
4,61	0,50
4,63	0,46
4,66	0,49
4,68	0,47
4,71	0,48
4,73	0,47
4,76	0,47
4,78	0,44
4,81	0,47
4,83	0,41
4,85	0,44
4,88	0,43
4,90	0,45
4,93	0,44
4,95	0,48
4,98	0,47
5,00	0,50
5,03	0,46
5,05	0,48
5,07	0,43
5,10	0,46
5,12	0,41
5,15	0,42
5,17	0,42
5,20	0,48
5,22	0,44
5,25	0,50
5,27	0,52
5,29	0,55
5,32	0,56
5,34	0,57
5,37	0,54
5,39	0,58
5,42	0,54
5,44	0,53
5,47	0,52
5,49	0,52
5,51	0,51
5,54	0,52
5,56	0,50
5,59	0,53
5,61	0,55
5,64	0,55
5,66	0,55
5,68	0,55
5,71	0,56
5,73	0,56
5,76	0,56
5,78	0,53
5,81	0,52
5,83	0,52
5,86	0,54
5,88	0,52
5,90	0,58
5,93	0,57
5,95	0,59
5,98	0,58
6,00	0,62
6,03	0,60
6,05	0,65
6,08	0,59
6,10	0,62
6,12	0,61
6,15	0,65
6,17	0,61
6,20	0,65
6,22	0,59
6,25	0,63
6,27	0,62
6,30	0,63
6,32	0,60
6,34	0,65
6,37	0,60
6,39	0,67
6,42	0,66
6,44	0,69
6,47	0,67
6,49	0,70
6,52	0,65
6,54	0,69
6,56	0,66
6,59	0,67
6,61	0,64
6,64	0,68
6,66	0,68
6,69	0,72
6,71	0,71
6,73	0,75
6,76	0,75
6,78	0,79
6,81	0,78
6,83	0,82
6,86	0,83
6,88	0,86
6,91	0,81
6,93	0,87
6,95	0,84
6,98	0,86
7,00	0,86
7,03	0,87
7,05	0,87
7,08	0,93
7,10	0,91
7,13	0,95
7,15	0,95
7,17	0,96
7,20	0,95
7,22	0,95
7,25	0,92
7,27	0,92
7,30	0,92
7,32	0,93
7,35	0,89
7,37	0,89
7,39	0,92
7,42	0,93
7,44	0,96
7,47	0,95
7,49	0,95
7,52	0,98
7,54	1,03
7,57	1,02
7,59	1,06
7,61	1,06
7,64	1,07
7,66	1,09
7,69	1,11
7,71	1,08
7,74	1,12
7,76	1,08
7,78	1,11
7,81	1,10
7,83	1,12
7,86	1,13
7,88	1,16
7,91	1,12
7,93	1,17
7,96	1,10
7,98	1,13
8,00	1,13
8,03	1,12
8,05	1,08
8,08	1,10
8,10	1,06
8,13	1,14
8,15	1,11
8,18	1,12
8,20	1,14
8,22	1,19
8,25	1,18
8,27	1,24
8,30	1,22
8,32	1,23
8,35	1,23
8,37	1,23
8,40	1,23
8,42	1,23
8,44	1,20
8,47	1,23
8,49	1,21
8,52	1,25
8,54	1,24
8,57	1,23
8,59	1,28
8,62	1,29
8,64	1,27
8,66	1,32
8,69	1,28
8,71	1,29
8,74	1,30
8,76	1,27
8,79	1,31
8,81	1,31
8,84	1,30
8,86	1,33
8,88	1,31
8,91	1,29
8,93	1,31
8,96	1,30
8,98	1,33
9,01	1,31
9,03	1,29
9,05	1,29
9,08	1,35
9,10	1,34
9,13	1,35
9,15	1,31
9,18	1,32
9,20	1,30
9,23	1,33
9,25	1,31
9,27	1,32
9,30	1,29
9,32	1,36
9,35	1,35
9,37	1,40
9,40	1,38
9,42	1,39
9,45	1,38
9,47	1,40
9,49	1,34
9,52	1,38
9,54	1,33
9,57	1,36
9,59	1,34
9,62	1,35
9,64	1,32
9,67	1,37
9,69	1,32
9,71	1,38
9,74	1,35
9,76	1,39
9,79	1,38
9,81	1,42
9,84	1,38
9,86	1,45
9,89	1,40
9,91	1,44
9,93	1,41
9,96	1,41
9,98	1,38
10,01	1,41
10,03	1,36
10,06	1,40
10,08	1,37
10,10	1,40
10,13	1,40
10,15	1,42
10,18	1,41
10,20	1,43
10,23	1,41
10,25	1,46
10,28	1,41
10,30	1,42
10,32	1,46
10,35	1,48
10,37	1,48
10,40	1,52
10,42	1,50
10,45	1,56
10,47	1,56
10,50	1,56
10,52	1,57
10,54	1,58
10,57	1,58
10,59	1,61
10,62	1,62
10,64	1,64
10,67	1,67
10,69	1,67
10,72	1,66
10,74	1,66
10,76	1,68
10,79	1,70
10,81	1,72
10,84	1,70
10,86	1,74
10,89	1,75
10,91	1,79
10,94	1,79
10,96	1,82
10,98	1,81
11,01	1,83
11,03	1,84
11,06	1,91
11,08	1,90
11,11	1,94
11,13	1,94
11,15	1,99
11,18	2,01
11,20	2,02
11,23	2,01
11,25	2,06
11,28	2,04
11,30	2,07
11,33	2,09
11,35	2,12
11,37	2,16
11,40	2,23
11,42	2,21
11,45	2,28
11,47	2,29
11,50	2,30
11,52	2,31
11,55	2,34
11,57	2,30
11,59	2,38
11,62	2,38
11,64	2,42
11,67	2,43
11,69	2,47
11,72	2,51
11,74	2,56
11,77	2,57
11,79	2,63
11,81	2,64
11,84	2,71
11,86	2,77
11,89	2,80
11,91	2,85
11,94	2,87
11,96	2,86
11,99	2,93
12,01	2,96
12,03	2,99
12,06	3,03
12,08	3,05
12,11	3,07
12,13	3,12
12,16	3,12
12,18	3,14
12,21	3,16
12,23	3,16
12,25	3,18
12,28	3,20
12,30	3,21
12,33	3,23
12,35	3,26
12,38	3,25
12,40	3,27
12,42	3,26
12,45	3,31
12,47	3,33
12,50	3,36
12,52	3,35
12,55	3,38
12,57	3,38
12,60	3,40
12,62	3,38
12,64	3,41
12,67	3,41
12,69	3,44
12,72	3,43
12,74	3,47
12,77	3,47
12,79	3,50
12,82	3,46
12,84	3,47
12,86	3,41
12,89	3,41
12,91	3,41
12,94	3,41
12,96	3,34
12,99	3,38
13,01	3,30
13,04	3,34
13,06	3,32
13,08	3,32
13,11	3,30
13,13	3,33
13,16	3,29
13,18	3,34
13,21	3,31
13,23	3,31
13,26	3,27
13,28	3,30
13,30	3,26
13,33	3,27
13,35	3,24
13,38	3,24
13,40	3,22
13,43	3,26
13,45	3,20
13,47	3,19
13,50	3,19
13,52	3,21
13,55	3,18
13,57	3,20
13,60	3,13
13,62	3,13
13,65	3,13
13,67	3,08
13,69	3,05
13,72	3,04
13,74	2,99
13,77	3,00
13,79	2,96
13,82	2,94
13,84	2,95
13,87	2,94
13,89	2,93
13,91	2,94
13,94	2,91
13,96	2,90
13,99	2,92
14,01	2,89
14,04	2,88
14,06	2,86
14,09	2,85
14,11	2,84
14,13	2,85
14,16	2,83
14,18	2,84
14,21	2,80
14,23	2,81
14,26	2,81
14,28	2,83
14,31	2,81
14,33	2,81
14,35	2,77
14,38	2,81
14,40	2,77
14,43	2,77
14,45	2,75
14,48	2,76
14,50	2,73
14,52	2,77
14,55	2,70
14,57	2,76
14,60	2,75
14,62	2,75
14,65	2,74
14,67	2,79
14,70	2,77
14,72	2,85
14,74	2,81
14,77	2,83
14,79	2,83
14,82	2,88
14,84	2,85
14,87	2,89
14,89	2,86
14,92	2,92
14,94	2,94
14,96	3,01
14,99	3,01
15,01	3,05
15,04	3,05
15,06	3,08
15,09	3,07
15,11	3,13
15,14	3,11
15,16	3,11
15,18	3,16
15,21	3,18
15,23	3,20
15,26	3,24
15,28	3,22
15,31	3,28
15,33	3,31
15,36	3,31
15,38	3,37
15,40	3,42
15,43	3,45
15,45	3,52
15,48	3,55
15,50	3,59
15,53	3,65
15,55	3,70
15,57	3,75
15,60	3,81
15,62	3,83
15,65	3,86
15,67	3,92
15,70	3,97
15,72	4,04
15,75	4,06
15,77	4,11
15,79	4,14
15,82	4,20
15,84	4,25
15,87	4,31
15,89	4,31
15,92	4,42
15,94	4,44
15,97	4,53
15,99	4,58
16,01	4,62
16,04	4,67
16,06	4,75
16,09	4,78
16,11	4,88
16,14	4,93
16,16	5,01
16,19	5,10
16,21	5,20
16,23	5,22
16,26	5,34
16,28	5,42
16,31	5,50
16,33	5,57
16,36	5,63
16,38	5,71
16,41	5,85
16,43	5,88
16,45	6,00
16,48	6,06
16,50	6,15
16,53	6,25
16,55	6,33
16,58	6,40
16,60	6,53
16,63	6,56
16,65	6,69
16,67	6,76
16,70	6,83
16,72	6,88
16,75	6,95
16,77	6,99
16,80	7,09
16,82	7,13
16,84	7,23
16,87	7,30
16,89	7,40
16,92	7,49
16,94	7,59
16,97	7,65
16,99	7,75
17,02	7,78
17,04	7,85
17,06	7,89
17,09	7,94
17,11	7,98
17,14	8,02
17,16	8,03
17,19	8,11
17,21	8,14
17,24	8,19
17,26	8,23
17,28	8,24
17,31	8,29
17,33	8,30
17,36	8,29
17,38	8,31
17,41	8,29
17,43	8,27
17,46	8,26
17,48	8,22
17,50	8,21
17,53	8,18
17,55	8,16
17,58	8,12
17,60	8,10
17,63	8,08
17,65	8,08
17,68	8,01
17,70	8,00
17,72	7,94
17,75	7,91
17,77	7,85
17,80	7,82
17,82	7,74
17,85	7,74
17,87	7,62
17,89	7,57
17,92	7,51
17,94	7,48
17,97	7,38
17,99	7,35
18,02	7,22
18,04	7,22
18,07	7,13
18,09	7,07
18,11	6,97
18,14	6,93
18,16	6,79
18,19	6,77
18,21	6,68
18,24	6,62
18,26	6,50
18,29	6,43
18,31	6,36
18,33	6,32
18,36	6,22
18,38	6,17
18,41	6,08
18,43	6,05
18,46	5,98
18,48	5,94
18,51	5,88
18,53	5,82
18,55	5,74
18,58	5,72
18,60	5,66
18,63	5,62
18,65	5,56
18,68	5,50
18,70	5,45
18,73	5,41
18,75	5,33
18,77	5,30
18,80	5,24
18,82	5,18
18,85	5,12
18,87	5,06
18,90	5,00
18,92	4,95
18,94	4,90
18,97	4,87
18,99	4,82
19,02	4,77
19,04	4,78
19,07	4,75
19,09	4,74
19,12	4,73
19,14	4,71
19,16	4,69
19,19	4,73
19,21	4,71
19,24	4,71
19,26	4,70
19,29	4,68
19,31	4,66
19,34	4,66
19,36	4,62
19,38	4,62
19,41	4,61
19,43	4,64
19,46	4,61
19,48	4,66
19,51	4,70
19,53	4,73
19,56	4,73
19,58	4,76
19,60	4,73
19,63	4,82
19,65	4,82
19,68	4,83
19,70	4,86
19,73	4,91
19,75	4,91
19,78	5,04
19,80	5,05
19,82	5,12
19,85	5,17
19,87	5,23
19,90	5,25
19,92	5,33
19,95	5,32
19,97	5,39
19,99	5,43
20,02	5,53
20,04	5,58
20,07	5,67
20,09	5,72
20,12	5,80
20,14	5,85
20,17	5,94
20,19	5,96
20,21	6,03
20,24	6,10
20,26	6,19
20,29	6,26
20,31	6,34
20,34	6,38
20,36	6,49
20,39	6,56
20,41	6,64
20,43	6,75
20,46	6,84
20,48	6,93
20,51	7,07
20,53	7,15
20,56	7,26
20,58	7,38
20,61	7,43
20,63	7,53
20,65	7,62
20,68	7,72
20,70	7,80
20,73	7,93
20,75	8,03
20,78	8,19
20,80	8,28
20,83	8,43
20,85	8,52
20,87	8,69
20,90	8,79
20,92	8,90
20,95	8,99
20,97	9,18
21,00	9,29
21,02	9,43
21,05	9,52
21,07	9,64
21,09	9,77
21,12	9,95
21,14	10,03
21,17	10,20
21,19	10,32
21,22	10,49
21,24	10,65
21,26	10,80
21,29	10,91
21,31	11,10
21,34	11,22
21,36	11,41
21,39	11,54
21,41	11,70
21,44	11,85
21,46	12,03
21,48	12,16
21,51	12,37
21,53	12,50
21,56	12,70
21,58	12,83
21,61	12,98
21,63	13,07
21,66	13,23
21,68	13,32
21,70	13,48
21,73	13,59
21,75	13,76
21,78	13,88
21,80	14,04
21,83	14,17
21,85	14,33
21,88	14,45
21,90	14,58
21,92	14,68
21,95	14,80
21,97	14,94
22,00	15,00
22,02	15,10
22,05	15,14
22,07	15,19
22,10	15,28
22,12	15,35
22,14	15,38
22,17	15,45
22,19	15,45
22,22	15,51
22,24	15,55
22,27	15,52
22,29	15,51
22,31	15,51
22,34	15,47
22,36	15,44
22,39	15,38
22,41	15,32
22,44	15,31
22,46	15,27
22,49	15,14
22,51	15,06
22,53	14,95
22,56	14,88
22,58	14,79
22,61	14,67
22,63	14,55
22,66	14,47
22,68	14,36
22,71	14,31
22,73	14,18
22,75	14,08
22,78	13,93
22,80	13,80
22,83	13,66
22,85	13,54
22,88	13,34
22,90	13,20
22,93	13,00
22,95	12,87
22,97	12,66
23,00	12,50
23,02	12,32
23,05	12,20
23,07	12,01
23,10	11,89
23,12	11,69
23,15	11,59
23,17	11,43
23,19	11,26
23,22	11,03
23,24	10,88
23,27	10,65
23,29	10,50
23,32	10,28
23,34	10,14
23,36	10,01
23,39	9,91
23,41	9,77
23,44	9,69
23,46	9,55
23,49	9,44
23,51	9,31
23,54	9,20
23,56	9,06
23,58	8,94
23,61	8,82
23,63	8,74
23,66	8,62
23,68	8,54
23,71	8,41
23,73	8,33
23,76	8,23
23,78	8,13
23,80	8,03
23,83	7,97
23,85	7,88
23,88	7,83
23,90	7,78
23,93	7,73
23,95	7,70
23,98	7,67
24,00	7,64
24,02	7,62
24,05	7,56
24,07	7,51
24,10	7,49
24,12	7,47
24,15	7,48
24,17	7,45
24,20	7,44
24,22	7,45
24,24	7,49
24,27	7,50
24,29	7,50
24,32	7,49
24,34	7,55
24,37	7,56
24,39	7,61
24,42	7,59
24,44	7,65
24,46	7,66
24,49	7,73
24,51	7,74
24,54	7,81
24,56	7,83
24,59	7,92
24,61	7,95
24,63	8,08
24,66	8,13
24,68	8,22
24,71	8,28
24,73	8,38
24,76	8,43
24,78	8,52
24,81	8,56
24,83	8,67
24,85	8,73
24,88	8,85
24,90	8,94
24,93	9,08
24,95	9,18
24,98	9,30
25,00	9,40
25,03	9,55
25,05	9,63
25,07	9,77
25,10	9,86
25,12	9,97
25,15	10,09
25,17	10,24
25,20	10,35
25,22	10,51
25,25	10,62
25,27	10,78
25,29	10,96
25,32	11,12
25,34	11,25
25,37	11,45
25,39	11,57
25,42	11,73
25,44	11,87
25,47	11,99
25,49	12,14
25,51	12,28
25,54	12,44
25,56	12,62
25,59	12,77
25,61	12,95
25,64	13,17
25,66	13,35
25,68	13,57
25,71	13,73
25,73	13,95
25,76	14,16
25,78	14,37
25,81	14,51
25,83	14,72
25,86	14,84
25,88	15,06
25,90	15,23
25,93	15,43
25,95	15,62
25,98	15,87
26,00	16,06
26,03	16,33
26,05	16,54
26,08	16,76
26,10	16,98
26,12	17,18
26,15	17,33
26,17	17,58
26,20	17,78
26,22	17,99
26,25	18,18
26,27	18,39
26,30	18,61
26,32	18,87
26,34	19,08
26,37	19,35
26,39	19,56
26,42	19,83
26,44	20,07
26,47	20,29
26,49	20,49
26,52	20,67
26,54	20,84
26,56	21,09
26,59	21,25
26,61	21,46
26,64	21,69
26,66	21,91
26,69	22,13
26,71	22,36
26,73	22,52
26,76	22,74
26,78	22,93
26,81	23,11
26,83	23,25
26,86	23,39
26,88	23,53
26,91	23,67
26,93	23,78
26,95	23,93
26,98	24,01
27,00	24,15
27,03	24,28
27,05	24,35
27,08	24,43
27,10	24,54
27,13	24,55
27,15	24,60
27,17	24,63
27,20	24,65
27,22	24,66
27,25	24,65
27,27	24,58
27,30	24,58
27,32	24,52
27,35	24,47
27,37	24,43
27,39	24,36
27,42	24,28
27,44	24,20
27,47	24,07
27,49	23,98
27,52	23,88
27,54	23,74
27,57	23,60
27,59	23,44
27,61	23,31
27,64	23,17
27,66	23,04
27,69	22,82
27,71	22,61
27,74	22,39
27,76	22,24
27,78	21,98
27,81	21,76
27,83	21,49
27,86	21,28
27,88	21,05
27,91	20,87
27,93	20,61
27,96	20,42
27,98	20,14
28,00	19,89
28,03	19,62
28,05	19,35
28,08	19,05
28,10	18,79
28,13	18,44
28,15	18,19
28,18	17,90
28,20	17,65
28,22	17,39
28,25	17,15
28,27	16,87
28,30	16,70
28,32	16,42
28,35	16,24
28,37	15,96
28,40	15,73
28,42	15,51
28,44	15,31
28,47	15,05
28,49	14,91
28,52	14,66
28,54	14,47
28,57	14,30
28,59	14,14
28,62	13,93
28,64	13,79
28,66	13,58
28,69	13,48
28,71	13,34
28,74	13,19
28,76	13,02
28,79	12,90
28,81	12,77
28,84	12,70
28,86	12,56
28,88	12,47
28,91	12,36
28,93	12,27
28,96	12,22
28,98	12,15
29,01	12,07
29,03	12,02
29,05	11,96
29,08	11,94
29,10	11,90
29,13	11,84
29,15	11,85
29,18	11,85
29,20	11,89
29,23	11,91
29,25	11,94
29,27	11,93
29,30	12,02
29,32	12,03
29,35	12,05
29,37	12,06
29,40	12,13
29,42	12,14
29,45	12,24
29,47	12,27
29,49	12,36
29,52	12,44
29,54	12,55
29,57	12,63
29,59	12,77
29,62	12,84
29,64	12,95
29,67	13,03
29,69	13,19
29,71	13,26
29,74	13,38
29,76	13,49
29,79	13,66
29,81	13,78
29,84	13,97
29,86	14,07
29,89	14,28
29,91	14,44
29,93	14,63
29,96	14,76
29,98	14,93
30,01	15,06
30,03	15,27
30,06	15,43
30,08	15,64
30,10	15,78
30,13	15,99
30,15	16,20
30,18	16,41
30,20	16,55
30,23	16,75
30,25	16,93
30,28	17,15
30,30	17,36
30,32	17,55
30,35	17,73
30,37	17,95
30,40	18,17
30,42	18,37
30,45	18,58
30,47	18,80
30,50	19,05
30,52	19,32
30,54	19,58
30,57	19,83
30,59	20,15
30,62	20,39
30,64	20,67
30,67	20,90
30,69	21,16
30,72	21,42
30,74	21,69
30,76	21,92
30,79	22,22
30,81	22,47
30,84	22,78
30,86	23,06
30,89	23,38
30,91	23,67
30,94	23,98
30,96	24,28
30,98	24,64
31,01	24,90
31,03	25,25
31,06	25,49
31,08	25,78
31,11	26,05
31,13	26,37
31,15	26,63
31,18	27,00
31,20	27,30
31,23	27,67
31,25	27,98
31,28	28,33
31,30	28,63
31,33	28,98
31,35	29,25
31,37	29,58
31,40	29,89
31,42	30,24
31,45	30,52
31,47	30,84
31,50	31,15
31,52	31,50
31,55	31,82
31,57	32,14
31,59	32,46
31,62	32,82
31,64	33,15
31,67	33,47
31,69	33,76
31,72	34,00
31,74	34,25
31,77	34,50
31,79	34,71
31,81	34,91
31,84	35,11
31,86	35,32
31,89	35,54
31,91	35,71
31,94	35,86
31,96	36,07
31,99	36,22
32,01	36,36
32,03	36,47
32,06	36,58
32,08	36,68
32,11	36,79
32,13	36,83
32,16	36,87
32,18	36,91
32,20	36,91
32,23	36,94
32,25	36,97
32,28	36,94
32,30	36,93
32,33	36,91
32,35	36,86
32,38	36,86
32,40	36,79
32,42	36,72
32,45	36,63
32,47	36,52
32,50	36,42
32,52	36,32
32,55	36,18
32,57	36,03
32,60	35,86
32,62	35,72
32,64	35,53
32,67	35,33
32,69	35,12
32,72	34,87
32,74	34,66
32,77	34,44
32,79	34,16
32,82	33,97
32,84	33,70
32,86	33,44
32,89	33,17
32,91	32,85
32,94	32,50
32,96	32,22
32,99	31,83
33,01	31,50
33,04	31,09
33,06	30,74
33,08	30,35
33,11	30,07
33,13	29,70
33,16	29,40
33,18	29,04
33,21	28,78
33,23	28,41
33,26	28,18
33,28	27,80
33,30	27,49
33,33	27,13
33,35	26,86
33,38	26,47
33,40	26,19
33,43	25,82
33,45	25,55
33,47	25,23
33,50	24,98
33,52	24,64
33,55	24,43
33,57	24,14
33,60	23,89
33,62	23,60
33,65	23,38
33,67	23,10
33,69	22,89
33,72	22,62
33,74	22,43
33,77	22,22
33,79	22,06
33,82	21,84
33,84	21,69
33,87	21,48
33,89	21,32
33,91	21,14
33,94	21,02
33,96	20,82
33,99	20,71
34,01	20,56
34,04	20,46
34,06	20,38
34,09	20,34
34,11	20,25
34,13	20,21
34,16	20,15
34,18	20,10
34,21	20,06
34,23	20,05
34,26	20,01
34,28	19,99
34,31	19,99
34,33	19,97
34,35	20,05
34,38	20,11
34,40	20,14
34,43	20,18
34,45	20,25
34,48	20,31
34,50	20,43
34,52	20,46
34,55	20,53
34,57	20,61
34,60	20,75
34,62	20,84
34,65	20,97
34,67	21,05
34,70	21,23
34,72	21,37
34,74	21,57
34,77	21,72
34,79	21,92
34,82	22,12
34,84	22,33
34,87	22,49
34,89	22,69
34,92	22,83
34,94	23,00
34,96	23,16
34,99	23,38
35,01	23,56
35,04	23,78
35,06	24,02
35,09	24,29
35,11	24,52
35,14	24,83
35,16	25,06
35,18	25,31
35,21	25,55
35,23	25,80
35,26	26,00
35,28	26,28
35,31	26,50
35,33	26,76
35,36	27,09
35,38	27,39
35,40	27,63
35,43	27,98
35,45	28,30
35,48	28,63
35,50	28,97
35,53	29,28
35,55	29,61
35,57	29,96
35,60	30,27
35,62	30,56
35,65	30,85
35,67	31,16
35,70	31,50
35,72	31,82
35,75	32,21
35,77	32,60
35,79	33,00
35,82	33,39
35,84	33,78
35,87	34,14
35,89	34,52
35,92	34,85
35,94	35,19
35,97	35,53
35,99	35,89
36,01	36,24
36,04	36,61
36,06	36,98
36,09	37,45
36,11	37,84
36,14	38,27
36,16	38,68
36,19	39,16
36,21	39,57
36,23	39,98
36,26	40,27
36,28	40,75
36,31	41,10
36,33	41,46
36,36	41,79
36,38	42,16
36,41	42,59
36,43	43,08
36,45	43,41
36,48	43,86
36,50	44,28
36,53	44,68
36,55	45,11
36,58	45,54
36,60	45,82
36,62	46,17
36,65	46,49
36,67	46,83
36,70	47,15
36,72	47,46
36,75	47,69
36,77	48,09
36,80	48,42
36,82	48,75
36,84	49,06
36,87	49,33
36,89	49,55
36,92	49,75
36,94	49,85
36,97	49,94
36,99	49,98
37,02	50,00
37,04	50,00
37,06	50,00
37,09	50,00
37,11	50,00
37,14	50,00
37,16	50,00
37,19	50,00
37,21	50,00
37,24	50,00
37,26	50,00
37,28	50,00
37,31	50,00
37,33	50,00
37,36	50,00
37,38	50,00
37,41	50,00
37,43	50,00
37,46	50,00
37,48	50,00
37,50	50,00
37,53	50,00
37,55	50,00
37,58	50,00
37,60	50,00
37,63	50,00
37,65	50,00
37,68	50,00
37,70	50,00
37,72	50,00
37,75	50,00
37,77	50,00
37,80	50,00
37,82	50,00
37,85	49,94
37,87	49,85
37,89	49,74
37,92	49,56
37,94	49,34
37,97	49,04
37,99	48,74
38,02	48,49
38,04	48,17
38,07	47,85
38,09	47,53
38,11	47,19
38,14	46,84
38,16	46,48
38,19	46,05
38,21	45,69
38,24	45,24
38,26	44,84
38,29	44,42
38,31	44,03
38,33	43,65
38,36	43,31
38,38	42,88
38,41	42,55
38,43	42,14
38,46	41,78
38,48	41,39
38,51	41,01
38,53	40,55
38,55	40,20
38,58	39,78
38,60	39,44
38,63	39,00
38,65	38,67
38,68	38,28
38,70	37,98
38,73	37,66
38,75	37,40
38,77	37,08
38,80	36,84
38,82	36,56
38,85	36,28
38,87	36,00
38,90	35,72
38,92	35,40
38,94	35,16
38,97	34,91
38,99	34,71
39,02	34,52
39,04	34,30
39,07	34,12
39,09	33,99
39,12	33,84
39,14	33,73
39,16	33,60
39,19	33,44
39,21	33,34
39,24	33,23
39,26	33,12
39,29	33,06
39,31	32,99
39,34	32,92
39,36	32,88
39,38	32,87
39,41	32,86
39,43	32,85
39,46	32,85
39,48	32,85
39,51	32,86
39,53	32,91
39,56	32,99
39,58	33,06
39,60	33,19
39,63	33,26
39,65	33,37
39,68	33,49
39,70	33,66
39,73	33,76
39,75	33,91
39,78	33,99
39,80	34,17
39,82	34,33
39,85	34,49
39,87	34,65
39,90	34,86
39,92	35,03
39,95	35,32
39,97	35,51
39,99	35,75
40,02	36,00
40,04	36,25
40,07	36,47
40,09	36,75
40,12	36,95
40,14	37,24
40,17	37,48
40,19	37,75
40,21	38,05
40,24	38,36
40,26	38,64
40,29	39,03
40,31	39,37
40,34	39,74
40,36	40,11
40,39	40,46
40,41	40,85
40,43	41,22
40,46	41,52
40,48	41,88
40,51	42,21
40,53	42,59
40,56	42,94
40,58	43,30
40,61	43,72
40,63	44,17
40,65	44,61
40,68	45,09
40,70	45,55
40,73	46,07
40,75	46,54
40,78	46,93
40,80	47,38
40,83	47,82
40,85	48,26
40,87	48,69
40,90	49,02
40,92	49,32
40,95	49,62
40,97	49,82
41,00	49,94
41,02	50,00
41,05	50,00
41,07	50,00
41,09	50,00
41,12	50,00
41,14	50,00
41,17	50,00
41,19	50,00
41,22	50,00
41,24	50,00
41,26	50,00
41,29	50,00
41,31	50,00
41,34	50,00
41,36	50,00
41,39	50,00
41,41	50,00
41,44	50,00
41,46	50,00
41,48	50,00
41,51	50,00
41,53	50,00
41,56	50,00
41,58	50,00
41,61	50,00
41,63	50,00
41,66	50,00
41,68	50,00
41,70	50,00
41,73	50,00
41,75	50,00
41,78	50,00
41,80	50,00
41,83	50,00
41,85	50,00
41,88	50,00
41,90	50,00
41,92	50,00
41,95	50,00
41,97	50,00
42,00	50,00
42,02	50,00
42,05	50,00
42,07	50,00
42,10	50,00
42,12	50,00
42,14	50,00
42,17	50,00
42,19	50,00
42,22	50,00
42,24	50,00
42,27	50,00
42,29	50,00
42,31	50,00
42,34	50,00
42,36	50,00
42,39	50,00
42,41	50,00
42,44	50,00
42,46	50,00
42,49	50,00
42,51	50,00
42,53	50,00
42,56	50,00
42,58	50,00
42,61	50,00
42,63	50,00
42,66	50,00
42,68	50,00
42,71	50,00
42,73	50,00
42,75	50,00
42,78	50,00
42,80	50,00
42,83	50,00
42,85	50,00
42,88	50,00
42,90	50,00
42,93	50,00
42,95	50,00
42,97	50,00
43,00	50,00
43,02	50,00
43,05	50,00
43,07	50,00
43,10	50,00
43,12	50,00
43,15	50,00
43,17	50,00
43,19	50,00
43,22	50,00
43,24	50,00
43,27	50,00
43,29	50,00
43,32	50,00
43,34	50,00
43,36	50,00
43,39	50,00
43,41	50,00
43,44	50,00
43,46	50,00
43,49	50,00
43,51	50,00
43,54	50,00
43,56	50,00
43,58	50,00
43,61	50,00
43,63	50,00
43,66	50,00
43,68	50,00
43,71	50,00
43,73	50,00
43,76	50,00
43,78	50,00
43,80	50,00
43,83	50,00
43,85	50,00
43,88	50,00
43,90	50,00
43,93	50,00
43,95	50,00
43,98	50,00
44,00	50,00
44,02	50,00
44,05	50,00
44,07	50,00
44,10	50,00
44,12	50,00
44,15	50,00
44,17	50,00
44,20	50,00
44,22	50,00
44,24	50,00
44,27	50,00
44,29	50,00
44,32	50,00
44,34	50,00
44,37	50,00
44,39	50,00
44,41	50,00
44,44	50,00
44,46	50,00
44,49	50,00
44,51	50,00
44,54	50,00
44,56	50,00
44,59	50,00
44,61	50,00
44,63	50,00
44,66	50,00
44,68	50,00
44,71	50,00
44,73	50,00
44,76	50,00
44,78	50,00
44,81	50,00
44,83	50,00
44,85	50,00
44,88	50,00
44,90	50,00
44,93	50,00
44,95	50,00
44,98	50,00
45,00	50,00
45,03	50,00
45,05	50,00
45,07	50,00
45,10	50,00
45,12	50,00
45,15	50,00
45,17	50,00
45,20	50,00
45,22	50,00
45,25	50,00
45,27	50,00
45,29	50,00
45,32	50,00
45,34	50,00
45,37	50,00
45,39	50,00
45,42	50,00
45,44	50,00
45,47	50,00
45,49	50,00
45,51	50,00
45,54	50,00
45,56	50,00
45,59	50,00
45,61	50,00
45,64	50,00
45,66	50,00
45,68	50,00
45,71	50,00
45,73	50,00
45,76	50,00
45,78	50,00
45,81	50,00
45,83	50,00
45,86	50,00
45,88	50,00
45,90	50,00
45,93	50,00
45,95	50,00
45,98	50,00
46,00	50,00
46,03	50,00
46,05	50,00
46,08	50,00
46,10	50,00
46,12	50,00
46,15	50,00
46,17	50,00
46,20	50,00
46,22	50,00
46,25	50,00
46,27	50,00
46,30	50,00
46,32	50,00
46,34	50,00
46,37	50,00
46,39	50,00
46,42	50,00
46,44	50,00
46,47	50,00
46,49	50,00
46,52	50,00
46,54	50,00
46,56	50,00
46,59	50,00
46,61	50,00
46,64	50,00
46,66	50,00
46,69	50,00
46,71	50,00
46,73	50,00
46,76	50,00
46,78	50,00
46,81	50,00
46,83	50,00
46,86	50,00
46,88	50,00
46,91	50,00
46,93	50,00
46,95	50,00
46,98	50,00
47,00	50,00
47,03	50,00
47,05	50,00
47,08	50,00
47,10	50,00
47,13	50,00
47,15	50,00
47,17	50,00
47,20	50,00
47,22	50,00
47,25	50,00
47,27	50,00
47,30	50,00
47,32	50,00
47,35	50,00
47,37	50,00
47,39	50,00
47,42	50,00
47,44	50,00
47,47	50,00
47,49	50,00
47,52	50,00
47,54	50,00
47,57	50,00
47,59	50,00
47,61	50,00
47,64	50,00
47,66	50,00
47,69	50,00
47,71	50,00
47,74	50,00
47,76	50,00
47,78	50,00
47,81	50,00
47,83	50,00
47,86	50,00
47,88	50,00
47,91	50,00
47,93	50,00
47,96	50,00
47,98	50,00
48,00	50,00
48,03	50,00
48,05	50,00
48,08	50,00
48,10	50,00
48,13	50,00
48,15	50,00
48,18	50,00
48,20	50,00
48,22	50,00
48,25	50,00
48,27	50,00
48,30	50,00
48,32	50,00
48,35	50,00
48,37	50,00
48,40	50,00
48,42	50,00
48,44	50,00
48,47	50,00
48,49	50,00
48,52	50,00
48,54	50,00
48,57	50,00
48,59	50,00
48,62	50,00
48,64	50,00
48,66	50,00
48,69	50,00
48,71	50,00
48,74	50,00
48,76	50,00
48,79	50,00
48,81	50,00
48,84	50,00
48,86	50,00
48,88	50,00
48,91	50,00
48,93	50,00
48,96	50,00
48,98	50,00
49,01	50,00
49,03	50,00
49,05	50,00
49,08	50,00
49,10	50,00
49,13	50,00
49,15	50,00
49,18	50,00
49,20	50,00
49,23	50,00
49,25	50,00
49,27	50,00
49,30	50,00
49,32	50,00
49,35	50,00
49,37	50,00
49,40	50,00
49,42	50,00
49,45	50,00
49,47	50,00
49,49	50,00
49,52	50,00
49,54	50,00
49,57	50,00
49,59	50,00
49,62	50,00
49,64	50,00
49,67	50,00
49,69	50,00
49,71	50,00
49,74	50,00
49,76	50,00
49,79	50,00
49,81	50,00
49,84	50,00
49,86	50,00
49,89	50,00
49,91	50,00
49,93	50,00
49,96	50,00
49,98	50,00
50,01	50,00
50,03	50,00
50,06	50,00
50,08	50,00
50,10	50,00
50,13	50,00
50,15	50,00
50,18	50,00
50,20	50,00
50,23	50,00
50,25	50,00
50,28	50,00
50,30	50,00
50,32	50,00
50,35	50,00
50,37	50,00
50,40	50,00
50,42	50,00
50,45	50,00
50,47	50,00
50,50	50,00
50,52	50,00
50,54	50,00
50,57	50,00
50,59	50,00
50,62	50,00
50,64	50,00
50,67	50,00
50,69	50,00
50,72	50,00
50,74	50,00
50,76	50,00
50,79	50,00
50,81	50,00
50,84	50,00
50,86	50,00
50,89	50,00
50,91	50,00
50,94	50,00
50,96	50,00
50,98	50,00
51,01	50,00
51,03	50,00
51,06	50,00
51,08	50,00
51,11	50,00
51,13	50,00
51,15	50,00
51,18	50,00
51,20	50,00
51,23	50,00
51,25	50,00
51,28	50,00
51,30	50,00
51,33	50,00
51,35	50,00
51,37	50,00
51,40	50,00
51,42	50,00
51,45	50,00
51,47	50,00
51,50	50,00
51,52	50,00
51,55	50,00
51,57	50,00
51,59	50,00
51,62	50,00
51,64	50,00
51,67	50,00
51,69	50,00
51,72	50,00
51,74	50,00
51,77	50,00
51,79	50,00
51,81	50,00
51,84	50,00
51,86	50,00
51,89	50,00
51,91	50,00
51,94	50,00
51,96	50,00
51,99	50,00
52,01	50,00
52,03	50,00
52,06	50,00
52,08	50,00
52,11	50,00
52,13	50,00
52,16	50,00
52,18	50,00
52,20	50,00
52,23	50,00
52,25	50,00
52,28	50,00
52,30	50,00
52,33	50,00
52,35	50,00
52,38	50,00
52,40	50,00
52,42	50,00
52,45	50,00
52,47	50,00
52,50	50,00
52,52	50,00
52,55	50,00
52,57	50,00
52,60	50,00
52,62	50,00
52,64	50,00
52,67	50,00
52,69	50,00
52,72	50,00
52,74	50,00
52,77	50,00
52,79	50,00
52,82	50,00
52,84	50,00
52,86	50,00
52,89	50,00
52,91	50,00
52,94	50,00
52,96	50,00
52,99	50,00
53,01	50,00
53,04	50,00
53,06	50,00
53,08	50,00
53,11	50,00
53,13	50,00
53,16	50,00
53,18	50,00
53,21	50,00
53,23	50,00
53,26	50,00
53,28	50,00
53,30	50,00
53,33	50,00
53,35	50,00
53,38	50,00
53,40	50,00
53,43	50,00
53,45	50,00
53,47	50,00
53,50	50,00
53,52	50,00
53,55	50,00
53,57	50,00
53,60	50,00
53,62	50,00
53,65	50,00
53,67	50,00
53,69	50,00
53,72	50,00
53,74	50,00
53,77	50,00
53,79	50,00
53,82	50,00
53,84	50,00
53,87	50,00
53,89	50,00
53,91	50,00
53,94	50,00
53,96	50,00
53,99	50,00
54,01	50,00
54,04	50,00
54,06	50,00
54,09	50,00
54,11	50,00
54,13	50,00
54,16	50,00
54,18	50,00
54,21	50,00
54,23	50,00
54,26	50,00
54,28	50,00
54,31	50,00
54,33	50,00
54,35	50,00
54,38	50,00
54,40	50,00
54,43	50,00
54,45	50,00
54,48	50,00
54,50	50,00
54,52	50,00
54,55	50,00
54,57	50,00
54,60	50,00
54,62	50,00
54,65	50,00
54,67	50,00
54,70	50,00
54,72	50,00
54,74	50,00
54,77	50,00
54,79	50,00
54,82	50,00
54,84	50,00
54,87	50,00
54,89	50,00
54,92	50,00
54,94	50,00
54,96	50,00
54,99	50,00
55,01	50,00
55,04	50,00
55,06	50,00
55,09	50,00
55,11	50,00
55,14	50,00
55,16	50,00
55,18	50,00
55,21	50,00
55,23	50,00
55,26	50,00
55,28	50,00
55,31	50,00
55,33	50,00
55,36	50,00
55,38	50,00
55,40	50,00
55,43	50,00
55,45	50,00
55,48	50,00
55,50	50,00
55,53	50,00
55,55	50,00
55,57	50,00
55,60	50,00
55,62	50,00
55,65	50,00
55,67	50,00
55,70	50,00
55,72	50,00
55,75	50,00
55,77	50,00
55,79	50,00
55,82	50,00
55,84	50,00
55,87	50,00
55,89	50,00
55,92	50,00
55,94	50,00
55,97	50,00
55,99	50,00
56,01	50,00
56,04	50,00
56,06	50,00
56,09	50,00
56,11	50,00
56,14	50,00
56,16	50,00
56,19	50,00
56,21	50,00
56,23	50,00
56,26	50,00
56,28	50,00
56,31	50,00
56,33	50,00
56,36	50,00
56,38	50,00
56,41	50,00
56,43	50,00
56,45	50,00
56,48	50,00
56,50	50,00
56,53	50,00
56,55	50,00
56,58	50,00
56,60	50,00
56,62	50,00
56,65	50,00
56,67	50,00
56,70	50,00
56,72	50,00
56,75	50,00
56,77	50,00
56,80	50,00
56,82	50,00
56,84	50,00
56,87	50,00
56,89	50,00
56,92	50,00
56,94	50,00
56,97	50,00
56,99	50,00
57,02	50,00
57,04	50,00
57,06	50,00
57,09	50,00
57,11	50,00
57,14	50,00
57,16	50,00
57,19	50,00
57,21	50,00
57,24	50,00
57,26	50,00
57,28	50,00
57,31	50,00
57,33	50,00
57,36	50,00
57,38	50,00
57,41	50,00
57,43	50,00
57,46	50,00
57,48	50,00
57,50	50,00
57,53	50,00
57,55	50,00
57,58	50,00
57,60	50,00
57,63	50,00
57,65	50,00
57,68	50,00
57,70	50,00
57,72	50,00
57,75	50,00
57,77	50,00
57,80	50,00
57,82	50,00
57,85	50,00
57,87	50,00
57,89	50,00
57,92	50,00
57,94	50,00
57,97	50,00
57,99	50,00
58,02	50,00
58,04	50,00
58,07	50,00
58,09	50,00
58,11	50,00
58,14	50,00
58,16	50,00
58,19	50,00
58,21	50,00
58,24	50,00
58,26	50,00
58,29	50,00
58,31	50,00
58,33	50,00
58,36	50,00
58,38	50,00
58,41	50,00
58,43	50,00
58,46	50,00
58,48	50,00
58,51	50,00
58,53	50,00
58,55	50,00
58,58	50,00
58,60	50,00
58,63	50,00
58,65	50,00
58,68	50,00
58,70	50,00
58,73	50,00
58,75	50,00
58,77	50,00
58,80	50,00
58,82	50,00
58,85	50,00
58,87	50,00
58,90	50,00
58,92	50,00
58,94	50,00
58,97	50,00
58,99	50,00
59,02	50,00
59,04	50,00
59,07	50,00
59,09	50,00
59,12	50,00
59,14	50,00
59,16	50,00
59,19	50,00
59,21	50,00
59,24	50,00
59,26	50,00
59,29	50,00
59,31	50,00
59,34	50,00
59,36	50,00
59,38	50,00
59,41	50,00
59,43	50,00
59,46	50,00
59,48	50,00
59,51	50,00
59,53	50,00
59,56	50,00
59,58	50,00
59,60	50,00
59,63	50,00
59,65	50,00
59,68	50,00
59,70	50,00
59,73	50,00
59,75	50,00
59,78	50,00
59,80	50,00
59,82	50,00
59,85	50,00
59,87	50,00
59,90	50,00
59,92	50,00
59,95	50,00
59,97	50,00
59,99	50,00
