Voltage U1	Corriente IA
U1/V	IA/nA

0,02	0,12
0,04	0,10
0,07	0,09
0,09	0,06
0,12	0,04
0,14	0,02
0,17	0,02
0,19	0,02
0,21	0,05
0,24	0,03
0,26	0,05
0,29	0,04
0,31	0,06
0,34	0,06
0,36	0,07
0,39	0,04
0,41	0,08
0,43	0,06
0,46	0,08
0,48	0,07
0,51	0,07
0,53	0,06
0,56	0,08
0,58	0,05
0,61	0,07
0,63	0,06
0,65	0,09
0,68	0,09
0,70	0,09
0,73	0,07
0,75	0,09
0,78	0,06
0,80	0,06
0,83	0,03
0,85	0,03
0,87	0,03
0,90	0,04
0,92	0,02
0,95	0,05
0,97	0,04
1,00	0,05
1,02	0,05
1,05	0,05
1,07	0,05
1,09	0,05
1,12	0,02
1,14	0,03
1,17	0,04
1,19	0,05
1,22	0,06
1,24	0,05
1,26	0,05
1,29	0,06
1,31	0,05
1,34	0,05
1,36	0,04
1,39	0,02
1,41	0,03
1,44	0,03
1,46	0,02
1,48	0,03
1,51	0,03
1,53	0,03
1,56	0,03
1,58	0,02
1,61	0,04
1,63	0,04
1,66	0,04
1,68	0,02
1,70	0,02
1,73	0,02
1,75	0,03
1,78	0,02
1,80	0,03
1,83	0,03
1,85	0,04
1,88	0,04
1,90	0,05
1,92	0,04
1,95	0,07
1,97	0,06
2,00	0,07
2,02	0,05
2,05	0,07
2,07	0,05
2,10	0,07
2,12	0,04
2,14	0,05
2,17	0,04
2,19	0,06
2,22	0,04
2,24	0,06
2,27	0,04
2,29	0,06
2,31	0,05
2,34	0,07
2,36	0,05
2,39	0,06
2,41	0,06
2,44	0,08
2,46	0,06
2,49	0,07
2,51	0,05
2,53	0,06
2,56	0,05
2,58	0,07
2,61	0,05
2,63	0,06
2,66	0,05
2,68	0,08
2,71	0,07
2,73	0,08
2,75	0,06
2,78	0,06
2,80	0,05
2,83	0,07
2,85	0,05
2,88	0,05
2,90	0,04
2,93	0,04
2,95	0,04
2,97	0,04
3,00	0,02
3,02	0,02
3,05	0,03
3,07	0,04
3,10	0,04
3,12	0,04
3,15	0,06
3,17	0,07
3,19	0,07
3,22	0,05
3,24	0,05
3,27	0,05
3,29	0,07
3,32	0,05
3,34	0,06
3,36	0,05
3,39	0,06
3,41	0,07
3,44	0,09
3,46	0,07
3,49	0,07
3,51	0,05
3,54	0,08
3,56	0,07
3,58	0,07
3,61	0,07
3,63	0,07
3,66	0,06
3,68	0,07
3,71	0,05
3,73	0,06
3,76	0,05
3,78	0,06
3,80	0,05
3,83	0,05
3,85	0,04
3,88	0,08
3,90	0,06
3,93	0,08
3,95	0,07
3,98	0,09
4,00	0,08
4,02	0,11
4,05	0,07
4,07	0,10
4,10	0,08
4,12	0,10
4,15	0,09
4,17	0,10
4,20	0,07
4,22	0,09
4,24	0,07
4,27	0,11
4,29	0,08
4,32	0,07
4,34	0,07
4,37	0,07
4,39	0,06
4,42	0,08
4,44	0,04
4,46	0,06
4,49	0,05
4,51	0,06
4,54	0,08
4,56	0,08
4,59	0,07
4,61	0,10
4,63	0,08
4,66	0,10
4,68	0,12
4,71	0,11
4,73	0,11
4,76	0,13
4,78	0,11
4,81	0,13
4,83	0,12
4,85	0,12
4,88	0,15
4,90	0,14
4,93	0,14
4,95	0,13
4,98	0,14
5,00	0,16
5,03	0,16
5,05	0,12
5,07	0,15
5,10	0,14
5,12	0,16
5,15	0,15
5,17	0,15
5,20	0,14
5,22	0,16
5,25	0,13
5,27	0,17
5,29	0,15
5,32	0,17
5,34	0,17
5,37	0,21
5,39	0,19
5,42	0,24
5,44	0,21
5,47	0,24
5,49	0,22
5,51	0,23
5,54	0,21
5,56	0,25
5,59	0,24
5,61	0,30
5,64	0,27
5,66	0,31
5,68	0,29
5,71	0,33
5,73	0,32
5,76	0,34
5,78	0,29
5,81	0,34
5,83	0,31
5,86	0,34
5,88	0,31
5,90	0,32
5,93	0,31
5,95	0,34
5,98	0,31
6,00	0,34
6,03	0,33
6,05	0,36
6,08	0,37
6,10	0,40
6,12	0,38
6,15	0,40
6,17	0,39
6,20	0,41
6,22	0,42
6,25	0,42
6,27	0,43
6,30	0,44
6,32	0,44
6,34	0,48
6,37	0,48
6,39	0,49
6,42	0,51
6,44	0,51
6,47	0,54
6,49	0,56
6,52	0,56
6,54	0,58
6,56	0,59
6,59	0,59
6,61	0,61
6,64	0,59
6,66	0,63
6,69	0,64
6,71	0,66
6,73	0,65
6,76	0,69
6,78	0,69
6,81	0,74
6,83	0,73
6,86	0,75
6,88	0,74
6,91	0,78
6,93	0,77
6,95	0,81
6,98	0,78
7,00	0,82
7,03	0,80
7,05	0,84
7,08	0,85
7,10	0,90
7,13	0,88
7,15	0,91
7,17	0,89
7,20	0,95
7,22	0,93
7,25	0,94
7,27	0,94
7,30	0,97
7,32	0,94
7,35	0,98
7,37	0,96
7,39	1,00
7,42	0,97
7,44	1,00
7,47	1,01
7,49	1,05
7,52	1,05
7,54	1,08
7,57	1,06
7,59	1,09
7,61	1,09
7,64	1,11
7,66	1,09
7,69	1,10
7,71	1,07
7,74	1,11
7,76	1,10
7,78	1,11
7,81	1,13
7,83	1,16
7,86	1,15
7,88	1,18
7,91	1,17
7,93	1,22
7,96	1,22
7,98	1,21
8,00	1,21
8,03	1,21
8,05	1,22
8,08	1,24
8,10	1,22
8,13	1,24
8,15	1,23
8,18	1,22
8,20	1,26
8,22	1,25
8,25	1,25
8,27	1,26
8,30	1,26
8,32	1,27
8,35	1,30
8,37	1,28
8,40	1,31
8,42	1,30
8,44	1,28
8,47	1,29
8,49	1,29
8,52	1,28
8,54	1,29
8,57	1,26
8,59	1,28
8,62	1,29
8,64	1,31
8,66	1,33
8,69	1,34
8,71	1,32
8,74	1,33
8,76	1,30
8,79	1,31
8,81	1,29
8,84	1,29
8,86	1,26
8,88	1,27
8,91	1,27
8,93	1,32
8,96	1,30
8,98	1,31
9,01	1,31
9,03	1,35
9,05	1,33
9,08	1,36
9,10	1,33
9,13	1,36
9,15	1,34
9,18	1,34
9,20	1,33
9,23	1,33
9,25	1,28
9,27	1,30
9,30	1,29
9,32	1,31
9,35	1,30
9,37	1,31
9,40	1,34
9,42	1,37
9,45	1,38
9,47	1,39
9,49	1,36
9,52	1,37
9,54	1,38
9,57	1,38
9,59	1,38
9,62	1,37
9,64	1,37
9,67	1,41
9,69	1,41
9,71	1,40
9,74	1,42
9,76	1,42
9,79	1,43
9,81	1,45
9,84	1,43
9,86	1,42
9,89	1,45
9,91	1,43
9,93	1,46
9,96	1,44
9,98	1,43
10,01	1,43
10,03	1,47
10,06	1,47
10,08	1,50
10,10	1,48
10,13	1,53
10,15	1,53
10,18	1,57
10,20	1,57
10,23	1,57
10,25	1,55
10,28	1,59
10,30	1,58
10,32	1,62
10,35	1,61
10,37	1,63
10,40	1,66
10,42	1,71
10,45	1,69
10,47	1,75
10,50	1,74
10,52	1,79
10,54	1,78
10,57	1,82
10,59	1,81
10,62	1,87
10,64	1,86
10,67	1,92
10,69	1,90
10,72	1,96
10,74	1,96
10,76	2,02
10,79	2,03
10,81	2,06
10,84	2,07
10,86	2,17
10,89	2,17
10,91	2,22
10,94	2,23
10,96	2,26
10,98	2,28
11,01	2,34
11,03	2,35
11,06	2,41
11,08	2,43
11,11	2,48
11,13	2,53
11,15	2,58
11,18	2,60
11,20	2,63
11,23	2,67
11,25	2,72
11,28	2,76
11,30	2,82
11,33	2,86
11,35	2,91
11,37	2,97
11,40	3,03
11,42	3,07
11,45	3,12
11,47	3,18
11,50	3,22
11,52	3,28
11,55	3,32
11,57	3,37
11,59	3,47
11,62	3,52
11,64	3,57
11,67	3,64
11,69	3,65
11,72	3,74
11,74	3,79
11,77	3,82
11,79	3,87
11,81	3,92
11,84	3,95
11,86	4,06
11,89	4,08
11,91	4,14
11,94	4,18
11,96	4,24
11,99	4,28
12,01	4,35
12,03	4,37
12,06	4,44
12,08	4,46
12,11	4,52
12,13	4,55
12,16	4,59
12,18	4,60
12,21	4,65
12,23	4,66
12,25	4,71
12,28	4,70
12,30	4,74
12,33	4,77
12,35	4,80
12,38	4,79
12,40	4,83
12,42	4,81
12,45	4,85
12,47	4,84
12,50	4,84
12,52	4,84
12,55	4,87
12,57	4,86
12,60	4,89
12,62	4,87
12,64	4,88
12,67	4,88
12,69	4,89
12,72	4,89
12,74	4,89
12,77	4,85
12,79	4,85
12,82	4,84
12,84	4,83
12,86	4,79
12,89	4,74
12,91	4,73
12,94	4,71
12,96	4,68
12,99	4,67
13,01	4,64
13,04	4,64
13,06	4,65
13,08	4,62
13,11	4,61
13,13	4,59
13,16	4,55
13,18	4,52
13,21	4,48
13,23	4,43
13,26	4,41
13,28	4,36
13,30	4,33
13,33	4,32
13,35	4,29
13,38	4,24
13,40	4,24
13,43	4,20
13,45	4,20
13,47	4,15
13,50	4,11
13,52	4,07
13,55	4,06
13,57	4,01
13,60	4,00
13,62	3,94
13,65	3,93
13,67	3,92
13,69	3,92
13,72	3,88
13,74	3,86
13,77	3,81
13,79	3,81
13,82	3,76
13,84	3,76
13,87	3,72
13,89	3,72
13,91	3,67
13,94	3,68
13,96	3,65
13,99	3,66
14,01	3,59
14,04	3,59
14,06	3,56
14,09	3,58
14,11	3,55
14,13	3,55
14,16	3,52
14,18	3,55
14,21	3,53
14,23	3,54
14,26	3,52
14,28	3,53
14,31	3,49
14,33	3,52
14,35	3,49
14,38	3,51
14,40	3,51
14,43	3,52
14,45	3,53
14,48	3,58
14,50	3,57
14,52	3,63
14,55	3,65
14,57	3,67
14,60	3,69
14,62	3,71
14,65	3,73
14,67	3,75
14,70	3,77
14,72	3,77
14,74	3,76
14,77	3,79
14,79	3,82
14,82	3,85
14,84	3,89
14,87	3,91
14,89	3,96
14,92	4,03
14,94	4,07
14,96	4,08
14,99	4,13
15,01	4,14
15,04	4,18
15,06	4,21
15,09	4,25
15,11	4,28
15,14	4,37
15,16	4,41
15,18	4,48
15,21	4,54
15,23	4,61
15,26	4,69
15,28	4,76
15,31	4,79
15,33	4,87
15,36	4,92
15,38	4,99
15,40	5,03
15,43	5,11
15,45	5,17
15,48	5,26
15,50	5,32
15,53	5,43
15,55	5,50
15,57	5,61
15,60	5,67
15,62	5,78
15,65	5,84
15,67	5,94
15,70	6,00
15,72	6,10
15,75	6,16
15,77	6,27
15,79	6,36
15,82	6,48
15,84	6,56
15,87	6,69
15,89	6,77
15,92	6,92
15,94	7,02
15,97	7,13
15,99	7,25
16,01	7,36
16,04	7,45
16,06	7,58
16,09	7,67
16,11	7,79
16,14	7,88
16,16	7,99
16,19	8,13
16,21	8,26
16,23	8,39
16,26	8,53
16,28	8,66
16,31	8,79
16,33	8,95
16,36	9,07
16,38	9,20
16,41	9,30
16,43	9,43
16,45	9,56
16,48	9,70
16,50	9,81
16,53	9,98
16,55	10,12
16,58	10,29
16,60	10,44
16,63	10,60
16,65	10,76
16,67	10,93
16,70	11,03
16,72	11,18
16,75	11,28
16,77	11,42
16,80	11,53
16,82	11,66
16,84	11,74
16,87	11,90
16,89	12,01
16,92	12,17
16,94	12,26
16,97	12,39
16,99	12,50
17,02	12,64
17,04	12,72
17,06	12,82
17,09	12,86
17,11	12,94
17,14	12,98
17,16	13,04
17,19	13,05
17,21	13,09
17,24	13,11
17,26	13,16
17,28	13,18
17,31	13,21
17,33	13,17
17,36	13,20
17,38	13,18
17,41	13,18
17,43	13,12
17,46	13,12
17,48	13,06
17,50	13,06
17,53	12,98
17,55	12,93
17,58	12,86
17,60	12,82
17,63	12,73
17,65	12,69
17,68	12,56
17,70	12,49
17,72	12,42
17,75	12,37
17,77	12,29
17,80	12,20
17,82	12,10
17,85	12,03
17,87	11,94
17,89	11,85
17,92	11,72
17,94	11,59
17,97	11,48
17,99	11,35
18,02	11,21
18,04	11,08
18,07	10,92
18,09	10,79
18,11	10,68
18,14	10,54
18,16	10,41
18,19	10,28
18,21	10,14
18,24	10,02
18,26	9,90
18,29	9,76
18,31	9,64
18,33	9,53
18,36	9,41
18,38	9,31
18,41	9,19
18,43	9,05
18,46	8,98
18,48	8,88
18,51	8,79
18,53	8,68
18,55	8,59
18,58	8,49
18,60	8,41
18,63	8,28
18,65	8,18
18,68	8,06
18,70	7,99
18,73	7,91
18,75	7,84
18,77	7,76
18,80	7,71
18,82	7,62
18,85	7,60
18,87	7,53
18,90	7,48
18,92	7,42
18,94	7,40
18,97	7,33
18,99	7,31
19,02	7,25
19,04	7,23
19,07	7,17
19,09	7,17
19,12	7,12
19,14	7,12
19,16	7,09
19,19	7,12
19,21	7,08
19,24	7,11
19,26	7,09
19,29	7,12
19,31	7,13
19,34	7,16
19,36	7,13
19,38	7,18
19,41	7,19
19,43	7,24
19,46	7,29
19,48	7,33
19,51	7,34
19,53	7,40
19,56	7,43
19,58	7,51
19,60	7,56
19,63	7,59
19,65	7,65
19,68	7,73
19,70	7,80
19,73	7,89
19,75	7,96
19,78	8,03
19,80	8,13
19,82	8,22
19,85	8,32
19,87	8,41
19,90	8,49
19,92	8,57
19,95	8,67
19,97	8,77
19,99	8,87
20,02	8,96
20,04	9,09
20,07	9,20
20,09	9,31
20,12	9,44
20,14	9,57
20,17	9,70
20,19	9,88
20,21	9,97
20,24	10,11
20,26	10,23
20,29	10,38
20,31	10,51
20,34	10,66
20,36	10,76
20,39	10,97
20,41	11,11
20,43	11,30
20,46	11,45
20,48	11,62
20,51	11,79
20,53	11,97
20,56	12,11
20,58	12,28
20,61	12,42
20,63	12,60
20,65	12,79
20,68	12,97
20,70	13,16
20,73	13,36
20,75	13,56
20,78	13,78
20,80	13,99
20,83	14,20
20,85	14,42
20,87	14,64
20,90	14,84
20,92	15,08
20,95	15,27
20,97	15,49
21,00	15,69
21,02	15,90
21,05	16,13
21,07	16,38
21,09	16,62
21,12	16,88
21,14	17,11
21,17	17,37
21,19	17,63
21,22	17,88
21,24	18,10
21,26	18,31
21,29	18,55
21,31	18,81
21,34	19,06
21,36	19,28
21,39	19,54
21,41	19,82
21,44	20,12
21,46	20,38
21,48	20,67
21,51	20,92
21,53	21,24
21,56	21,49
21,58	21,75
21,61	21,96
21,63	22,23
21,66	22,48
21,68	22,76
21,70	22,96
21,73	23,21
21,75	23,43
21,78	23,75
21,80	23,98
21,83	24,24
21,85	24,46
21,88	24,71
21,90	24,91
21,92	25,16
21,95	25,28
21,97	25,48
22,00	25,58
22,02	25,73
22,05	25,86
22,07	25,99
22,10	26,06
22,12	26,21
22,14	26,28
22,17	26,38
22,19	26,41
22,22	26,46
22,24	26,46
22,27	26,48
22,29	26,45
22,31	26,45
22,34	26,40
22,36	26,37
22,39	26,30
22,41	26,25
22,44	26,16
22,46	26,08
22,49	25,93
22,51	25,86
22,53	25,72
22,56	25,58
22,58	25,41
22,61	25,25
22,63	25,09
22,66	24,97
22,68	24,78
22,71	24,63
22,73	24,42
22,75	24,24
22,78	24,07
22,80	23,87
22,83	23,65
22,85	23,44
22,88	23,14
22,90	22,90
22,93	22,66
22,95	22,39
22,97	22,13
23,00	21,86
23,02	21,58
23,05	21,36
23,07	21,11
23,10	20,85
23,12	20,57
23,15	20,28
23,17	19,99
23,19	19,71
23,22	19,43
23,24	19,18
23,27	18,89
23,29	18,62
23,32	18,36
23,34	18,10
23,36	17,86
23,39	17,63
23,41	17,38
23,44	17,16
23,46	16,92
23,49	16,70
23,51	16,50
23,54	16,26
23,56	16,04
23,58	15,84
23,61	15,63
23,63	15,44
23,66	15,26
23,68	15,09
23,71	14,94
23,73	14,78
23,76	14,61
23,78	14,48
23,80	14,37
23,83	14,23
23,85	14,12
23,88	14,00
23,90	13,92
23,93	13,82
23,95	13,76
23,98	13,70
24,00	13,65
24,02	13,56
24,05	13,52
24,07	13,43
24,10	13,42
24,12	13,38
24,15	13,34
24,17	13,32
24,20	13,34
24,22	13,31
24,24	13,39
24,27	13,40
24,29	13,44
24,32	13,51
24,34	13,58
24,37	13,61
24,39	13,70
24,42	13,73
24,44	13,81
24,46	13,86
24,49	13,93
24,51	14,00
24,54	14,09
24,56	14,18
24,59	14,30
24,61	14,39
24,63	14,54
24,66	14,67
24,68	14,81
24,71	14,99
24,73	15,12
24,76	15,26
24,78	15,43
24,81	15,54
24,83	15,68
24,85	15,85
24,88	15,98
24,90	16,19
24,93	16,37
24,95	16,57
24,98	16,79
25,00	17,02
25,03	17,21
25,05	17,49
25,07	17,66
25,10	17,88
25,12	18,07
25,15	18,28
25,17	18,46
25,20	18,71
25,22	18,88
25,25	19,17
25,27	19,40
25,29	19,69
25,32	19,95
25,34	20,27
25,37	20,53
25,39	20,85
25,42	21,04
25,44	21,34
25,47	21,56
25,49	21,86
25,51	22,08
25,54	22,34
25,56	22,59
25,59	22,98
25,61	23,28
25,64	23,62
25,66	23,91
25,68	24,28
25,71	24,63
25,73	24,99
25,76	25,31
25,78	25,62
25,81	25,91
25,83	26,25
25,86	26,57
25,88	26,91
25,90	27,23
25,93	27,55
25,95	27,94
25,98	28,36
26,00	28,75
26,03	29,13
26,05	29,53
26,08	29,92
26,10	30,34
26,12	30,67
26,15	31,02
26,17	31,39
26,20	31,77
26,22	32,10
26,25	32,48
26,27	32,83
26,30	33,26
26,32	33,67
26,34	34,11
26,37	34,52
26,39	34,96
26,42	35,39
26,44	35,85
26,47	36,23
26,49	36,63
26,52	36,98
26,54	37,39
26,56	37,77
26,59	38,16
26,61	38,51
26,64	38,99
26,66	39,38
26,69	39,84
26,71	40,24
26,73	40,66
26,76	41,03
26,78	41,46
26,81	41,78
26,83	42,14
26,86	42,42
26,88	42,73
26,91	43,01
26,93	43,29
26,95	43,47
26,98	43,75
27,00	43,97
27,03	44,26
27,05	44,49
27,08	44,71
27,10	44,92
27,13	45,13
27,15	45,24
27,17	45,42
27,20	45,46
27,22	45,56
27,25	45,63
27,27	45,72
27,30	45,78
27,32	45,83
27,35	45,79
27,37	45,85
27,39	45,80
27,42	45,76
27,44	45,69
27,47	45,62
27,49	45,56
27,52	45,55
27,54	45,48
27,57	45,45
27,59	45,33
27,61	45,22
27,64	45,13
27,66	44,96
27,69	44,75
27,71	44,54
27,74	44,29
27,76	44,08
27,78	43,83
27,81	43,51
27,83	43,23
27,86	42,99
27,88	42,70
27,91	42,40
27,93	42,05
27,96	41,72
27,98	41,42
28,00	41,07
28,03	40,64
28,05	40,19
28,08	39,73
28,10	39,30
28,13	38,85
28,15	38,39
28,18	37,92
28,20	37,44
28,22	37,06
28,25	36,67
28,27	36,30
28,30	35,88
28,32	35,47
28,35	35,10
28,37	34,76
28,40	34,32
28,42	33,90
28,44	33,48
28,47	33,07
28,49	32,68
28,52	32,26
28,54	31,83
28,57	31,48
28,59	31,11
28,62	30,75
28,64	30,43
28,66	30,10
28,69	29,77
28,71	29,47
28,74	29,15
28,76	28,85
28,79	28,54
28,81	28,23
28,84	27,93
28,86	27,67
28,88	27,42
28,91	27,21
28,93	26,97
28,96	26,81
28,98	26,62
29,01	26,49
29,03	26,33
29,05	26,22
29,08	26,05
29,10	25,99
29,13	25,86
29,15	25,79
29,18	25,71
29,20	25,67
29,23	25,57
29,25	25,57
29,27	25,52
29,30	25,54
29,32	25,50
29,35	25,51
29,37	25,52
29,40	25,62
29,42	25,66
29,45	25,75
29,47	25,82
29,49	25,97
29,52	26,08
29,54	26,22
29,57	26,33
29,59	26,46
29,62	26,56
29,64	26,70
29,67	26,81
29,69	26,96
29,71	27,13
29,74	27,31
29,76	27,51
29,79	27,73
29,81	27,97
29,84	28,22
29,86	28,47
29,89	28,72
29,91	28,99
29,93	29,25
29,96	29,52
29,98	29,74
30,01	30,02
30,03	30,28
30,06	30,54
30,08	30,81
30,10	31,14
30,13	31,45
30,15	31,83
30,18	32,13
30,20	32,50
30,23	32,84
30,25	33,24
30,28	33,55
30,30	33,93
30,32	34,20
30,35	34,60
30,37	34,93
30,40	35,35
30,42	35,68
30,45	36,12
30,47	36,50
30,50	37,01
30,52	37,43
30,54	37,91
30,57	38,32
30,59	38,81
30,62	39,26
30,64	39,81
30,67	40,23
30,69	40,68
30,72	41,09
30,74	41,54
30,76	42,03
30,79	42,47
30,81	42,91
30,84	43,41
30,86	43,93
30,89	44,49
30,91	45,09
30,94	45,59
30,96	46,16
30,98	46,72
31,01	47,23
31,03	47,74
31,06	48,27
31,08	48,71
31,11	49,12
31,13	49,42
31,15	49,63
31,18	49,83
31,20	49,98
31,23	50,00
31,25	50,00
31,28	50,00
31,30	50,00
31,33	50,00
31,35	50,00
31,37	50,00
31,40	50,00
31,42	50,00
31,45	50,00
31,47	50,00
31,50	50,00
31,52	50,00
31,55	50,00
31,57	50,00
31,59	50,00
31,62	50,00
31,64	50,00
31,67	50,00
31,69	50,00
31,72	50,00
31,74	50,00
31,77	50,00
31,79	50,00
31,81	50,00
31,84	50,00
31,86	50,00
31,89	50,00
31,91	50,00
31,94	50,00
31,96	50,00
31,99	50,00
32,01	50,00
32,03	50,00
32,06	50,00
32,08	50,00
32,11	50,00
32,13	50,00
32,16	50,00
32,18	50,00
32,20	50,00
32,23	50,00
32,25	50,00
32,28	50,00
32,30	50,00
32,33	50,00
32,35	50,00
32,38	50,00
32,40	50,00
32,42	50,00
32,45	50,00
32,47	50,00
32,50	50,00
32,52	50,00
32,55	50,00
32,57	50,00
32,60	50,00
32,62	50,00
32,64	50,00
32,67	50,00
32,69	50,00
32,72	50,00
32,74	50,00
32,77	50,00
32,79	50,00
32,82	50,00
32,84	50,00
32,86	50,00
32,89	50,00
32,91	50,00
32,94	50,00
32,96	50,00
32,99	50,00
33,01	50,00
33,04	50,00
33,06	50,00
33,08	50,00
33,11	50,00
33,13	50,00
33,16	50,00
33,18	50,00
33,21	50,00
33,23	50,00
33,26	50,00
33,28	50,00
33,30	50,00
33,33	50,00
33,35	50,00
33,38	50,00
33,40	50,00
33,43	50,00
33,45	50,00
33,47	50,00
33,50	50,00
33,52	50,00
33,55	50,00
33,57	50,00
33,60	50,00
33,62	50,00
33,65	50,00
33,67	50,00
33,69	50,00
33,72	50,00
33,74	50,00
33,77	50,00
33,79	50,00
33,82	50,00
33,84	50,00
33,87	50,00
33,89	50,00
33,91	50,00
33,94	50,00
33,96	50,00
33,99	50,00
34,01	50,00
34,04	50,00
34,06	50,00
34,09	50,00
34,11	50,00
34,13	50,00
34,16	50,00
34,18	50,00
34,21	50,00
34,23	50,00
34,26	50,00
34,28	50,00
34,31	50,00
34,33	49,98
34,35	49,96
34,38	49,94
34,40	49,94
34,43	49,92
34,45	49,92
34,48	49,92
34,50	49,94
34,52	49,96
34,55	49,98
34,57	49,98
34,60	50,00
34,62	50,00
34,65	50,00
34,67	50,00
34,70	50,00
34,72	50,00
34,74	50,00
34,77	50,00
34,79	50,00
34,82	50,00
34,84	50,00
34,87	50,00
34,89	50,00
34,92	50,00
34,94	50,00
34,96	50,00
34,99	50,00
35,01	50,00
35,04	50,00
35,06	50,00
35,09	50,00
35,11	50,00
35,14	50,00
35,16	50,00
35,18	50,00
35,21	50,00
35,23	50,00
35,26	50,00
35,28	50,00
35,31	50,00
35,33	50,00
35,36	50,00
35,38	50,00
35,40	50,00
35,43	50,00
35,45	50,00
35,48	50,00
35,50	50,00
35,53	50,00
35,55	50,00
35,57	50,00
35,60	50,00
35,62	50,00
35,65	50,00
35,67	50,00
35,70	50,00
35,72	50,00
35,75	50,00
35,77	50,00
35,79	50,00
35,82	50,00
35,84	50,00
35,87	50,00
35,89	50,00
35,92	50,00
35,94	50,00
35,97	50,00
35,99	50,00
36,01	50,00
36,04	50,00
36,06	50,00
36,09	50,00
36,11	50,00
36,14	50,00
36,16	50,00
36,19	50,00
36,21	50,00
36,23	50,00
36,26	50,00
36,28	50,00
36,31	50,00
36,33	50,00
36,36	50,00
36,38	50,00
36,41	50,00
36,43	50,00
36,45	50,00
36,48	50,00
36,50	50,00
36,53	50,00
36,55	50,00
36,58	50,00
36,60	50,00
36,62	50,00
36,65	50,00
36,67	50,00
36,70	50,00
36,72	50,00
36,75	50,00
36,77	50,00
36,80	50,00
36,82	50,00
36,84	50,00
36,87	50,00
36,89	50,00
36,92	50,00
36,94	50,00
36,97	50,00
36,99	50,00
37,02	50,00
37,04	50,00
37,06	50,00
37,09	50,00
37,11	50,00
37,14	50,00
37,16	50,00
37,19	50,00
37,21	50,00
37,24	50,00
37,26	50,00
37,28	50,00
37,31	50,00
37,33	50,00
37,36	50,00
37,38	50,00
37,41	50,00
37,43	50,00
37,46	50,00
37,48	50,00
37,50	50,00
37,53	50,00
37,55	50,00
37,58	50,00
37,60	50,00
37,63	50,00
37,65	50,00
37,68	50,00
37,70	50,00
37,72	50,00
37,75	50,00
37,77	50,00
37,80	50,00
37,82	50,00
37,85	50,00
37,87	50,00
37,89	50,00
37,92	50,00
37,94	50,00
37,97	50,00
37,99	50,00
38,02	50,00
38,04	50,00
38,07	50,00
38,09	50,00
38,11	50,00
38,14	50,00
38,16	50,00
38,19	50,00
38,21	50,00
38,24	50,00
38,26	50,00
38,29	50,00
38,31	50,00
38,33	50,00
38,36	50,00
38,38	50,00
38,41	50,00
38,43	50,00
38,46	50,00
38,48	50,00
38,51	50,00
38,53	50,00
38,55	50,00
38,58	50,00
38,60	50,00
38,63	50,00
38,65	50,00
38,68	50,00
38,70	50,00
38,73	50,00
38,75	50,00
38,77	50,00
38,80	50,00
38,82	50,00
38,85	50,00
38,87	50,00
38,90	50,00
38,92	50,00
38,94	50,00
38,97	50,00
38,99	50,00
39,02	50,00
39,04	50,00
39,07	50,00
39,09	50,00
39,12	50,00
39,14	50,00
39,16	50,00
39,19	50,00
39,21	50,00
39,24	50,00
39,26	50,00
39,29	50,00
39,31	50,00
39,34	50,00
39,36	50,00
39,38	50,00
39,41	50,00
39,43	50,00
39,46	50,00
39,48	50,00
39,51	50,00
39,53	50,00
39,56	50,00
39,58	50,00
39,60	50,00
39,63	50,00
39,65	50,00
39,68	50,00
39,70	50,00
39,73	50,00
39,75	50,00
39,78	50,00
39,80	50,00
39,82	50,00
39,85	50,00
39,87	50,00
39,90	50,00
39,92	50,00
39,95	50,00
39,97	50,00
39,99	50,00
40,02	50,00
40,04	50,00
40,07	50,00
40,09	50,00
40,12	50,00
40,14	50,00
40,17	50,00
40,19	50,00
40,21	50,00
40,24	50,00
40,26	50,00
40,29	50,00
40,31	50,00
40,34	50,00
40,36	50,00
40,39	50,00
40,41	50,00
40,43	50,00
40,46	50,00
40,48	50,00
40,51	50,00
40,53	50,00
40,56	50,00
40,58	50,00
40,61	50,00
40,63	50,00
40,65	50,00
40,68	50,00
40,70	50,00
40,73	50,00
40,75	50,00
40,78	50,00
40,80	50,00
40,83	50,00
40,85	50,00
40,87	50,00
40,90	50,00
40,92	50,00
40,95	50,00
40,97	50,00
41,00	50,00
41,02	50,00
41,05	50,00
41,07	50,00
41,09	50,00
41,12	50,00
41,14	50,00
41,17	50,00
41,19	50,00
41,22	50,00
41,24	50,00
41,26	50,00
41,29	50,00
41,31	50,00
41,34	50,00
41,36	50,00
41,39	50,00
41,41	50,00
41,44	50,00
41,46	50,00
41,48	50,00
41,51	50,00
41,53	50,00
41,56	50,00
41,58	50,00
41,61	50,00
41,63	50,00
41,66	50,00
41,68	50,00
41,70	50,00
41,73	50,00
41,75	50,00
41,78	50,00
41,80	50,00
41,83	50,00
41,85	50,00
41,88	50,00
41,90	50,00
41,92	50,00
41,95	50,00
41,97	50,00
42,00	50,00
42,02	50,00
42,05	50,00
42,07	50,00
42,10	50,00
42,12	50,00
42,14	50,00
42,17	50,00
42,19	50,00
42,22	50,00
42,24	50,00
42,27	50,00
42,29	50,00
42,31	50,00
42,34	50,00
42,36	50,00
42,39	50,00
42,41	50,00
42,44	50,00
42,46	50,00
42,49	50,00
42,51	50,00
42,53	50,00
42,56	50,00
42,58	50,00
42,61	50,00
42,63	50,00
42,66	50,00
42,68	50,00
42,71	50,00
42,73	50,00
42,75	50,00
42,78	50,00
42,80	50,00
42,83	50,00
42,85	50,00
42,88	50,00
42,90	50,00
42,93	50,00
42,95	50,00
42,97	50,00
43,00	50,00
43,02	50,00
43,05	50,00
43,07	50,00
43,10	50,00
43,12	50,00
43,15	50,00
43,17	50,00
43,19	50,00
43,22	50,00
43,24	50,00
43,27	50,00
43,29	50,00
43,32	50,00
43,34	50,00
43,36	50,00
43,39	50,00
43,41	50,00
43,44	50,00
43,46	50,00
43,49	50,00
43,51	50,00
43,54	50,00
43,56	50,00
43,58	50,00
43,61	50,00
43,63	50,00
43,66	50,00
43,68	50,00
43,71	50,00
43,73	50,00
43,76	50,00
43,78	50,00
43,80	50,00
43,83	50,00
43,85	50,00
43,88	50,00
43,90	50,00
43,93	50,00
43,95	50,00
43,98	50,00
44,00	50,00
44,02	50,00
44,05	50,00
44,07	50,00
44,10	50,00
44,12	50,00
44,15	50,00
44,17	50,00
44,20	50,00
44,22	50,00
44,24	50,00
44,27	50,00
44,29	50,00
44,32	50,00
44,34	50,00
44,37	50,00
44,39	50,00
44,41	50,00
44,44	50,00
44,46	50,00
44,49	50,00
44,51	50,00
44,54	50,00
44,56	50,00
44,59	50,00
44,61	50,00
44,63	50,00
44,66	50,00
44,68	50,00
44,71	50,00
44,73	50,00
44,76	50,00
44,78	50,00
44,81	50,00
44,83	50,00
44,85	50,00
44,88	50,00
44,90	50,00
44,93	50,00
44,95	50,00
44,98	50,00
45,00	50,00
45,03	50,00
45,05	50,00
45,07	50,00
45,10	50,00
45,12	50,00
45,15	50,00
45,17	50,00
45,20	50,00
45,22	50,00
45,25	50,00
45,27	50,00
45,29	50,00
45,32	50,00
45,34	50,00
45,37	50,00
45,39	50,00
45,42	50,00
45,44	50,00
45,47	50,00
45,49	50,00
45,51	50,00
45,54	50,00
45,56	50,00
45,59	50,00
45,61	50,00
45,64	50,00
45,66	50,00
45,68	50,00
45,71	50,00
45,73	50,00
45,76	50,00
45,78	50,00
45,81	50,00
45,83	50,00
45,86	50,00
45,88	50,00
45,90	50,00
45,93	50,00
45,95	50,00
45,98	50,00
46,00	50,00
46,03	50,00
46,05	50,00
46,08	50,00
46,10	50,00
46,12	50,00
46,15	50,00
46,17	50,00
46,20	50,00
46,22	50,00
46,25	50,00
46,27	50,00
46,30	50,00
46,32	50,00
46,34	50,00
46,37	50,00
46,39	50,00
46,42	50,00
46,44	50,00
46,47	50,00
46,49	50,00
46,52	50,00
46,54	50,00
46,56	50,00
46,59	50,00
46,61	50,00
46,64	50,00
46,66	50,00
46,69	50,00
46,71	50,00
46,73	50,00
46,76	50,00
46,78	50,00
46,81	50,00
46,83	50,00
46,86	50,00
46,88	50,00
46,91	50,00
46,93	50,00
46,95	50,00
46,98	50,00
47,00	50,00
47,03	50,00
47,05	50,00
47,08	50,00
47,10	50,00
47,13	50,00
47,15	50,00
47,17	50,00
47,20	50,00
47,22	50,00
47,25	50,00
47,27	50,00
47,30	50,00
47,32	50,00
47,35	50,00
47,37	50,00
47,39	50,00
47,42	50,00
47,44	50,00
47,47	50,00
47,49	50,00
47,52	50,00
47,54	50,00
47,57	50,00
47,59	50,00
47,61	50,00
47,64	50,00
47,66	50,00
47,69	50,00
47,71	50,00
47,74	50,00
47,76	50,00
47,78	50,00
47,81	50,00
47,83	50,00
47,86	50,00
47,88	50,00
47,91	50,00
47,93	50,00
47,96	50,00
47,98	50,00
48,00	50,00
48,03	50,00
48,05	50,00
48,08	50,00
48,10	50,00
48,13	50,00
48,15	50,00
48,18	50,00
48,20	50,00
48,22	50,00
48,25	50,00
48,27	50,00
48,30	50,00
48,32	50,00
48,35	50,00
48,37	50,00
48,40	50,00
48,42	50,00
48,44	50,00
48,47	50,00
48,49	50,00
48,52	50,00
48,54	50,00
48,57	50,00
48,59	50,00
48,62	50,00
48,64	50,00
48,66	50,00
48,69	50,00
48,71	50,00
48,74	50,00
48,76	50,00
48,79	50,00
48,81	50,00
48,84	50,00
48,86	50,00
48,88	50,00
48,91	50,00
48,93	50,00
48,96	50,00
48,98	50,00
49,01	50,00
49,03	50,00
49,05	50,00
49,08	50,00
49,10	50,00
49,13	50,00
49,15	50,00
49,18	50,00
49,20	50,00
49,23	50,00
49,25	50,00
49,27	50,00
49,30	50,00
49,32	50,00
49,35	50,00
49,37	50,00
49,40	50,00
49,42	50,00
49,45	50,00
49,47	50,00
49,49	50,00
49,52	50,00
49,54	50,00
49,57	50,00
49,59	50,00
49,62	50,00
49,64	50,00
49,67	50,00
49,69	50,00
49,71	50,00
49,74	50,00
49,76	50,00
49,79	50,00
49,81	50,00
49,84	50,00
49,86	50,00
49,89	50,00
49,91	50,00
49,93	50,00
49,96	50,00
49,98	50,00
50,01	50,00
50,03	50,00
50,06	50,00
50,08	50,00
50,10	50,00
50,13	50,00
50,15	50,00
50,18	50,00
50,20	50,00
50,23	50,00
50,25	50,00
50,28	50,00
50,30	50,00
50,32	50,00
50,35	50,00
50,37	50,00
50,40	50,00
50,42	50,00
50,45	50,00
50,47	50,00
50,50	50,00
50,52	50,00
50,54	50,00
50,57	50,00
50,59	50,00
50,62	50,00
50,64	50,00
50,67	50,00
50,69	50,00
50,72	50,00
50,74	50,00
50,76	50,00
50,79	50,00
50,81	50,00
50,84	50,00
50,86	50,00
50,89	50,00
50,91	50,00
50,94	50,00
50,96	50,00
50,98	50,00
51,01	50,00
51,03	50,00
51,06	50,00
51,08	50,00
51,11	50,00
51,13	50,00
51,15	50,00
51,18	50,00
51,20	50,00
51,23	50,00
51,25	50,00
51,28	50,00
51,30	50,00
51,33	50,00
51,35	50,00
51,37	50,00
51,40	50,00
51,42	50,00
51,45	50,00
51,47	50,00
51,50	50,00
51,52	50,00
51,55	50,00
51,57	50,00
51,59	50,00
51,62	50,00
51,64	50,00
51,67	50,00
51,69	50,00
51,72	50,00
51,74	50,00
51,77	50,00
51,79	50,00
51,81	50,00
51,84	50,00
51,86	50,00
51,89	50,00
51,91	50,00
51,94	50,00
51,96	50,00
51,99	50,00
52,01	50,00
52,03	50,00
52,06	50,00
52,08	50,00
52,11	50,00
52,13	50,00
52,16	50,00
52,18	50,00
52,20	50,00
52,23	50,00
52,25	50,00
52,28	50,00
52,30	50,00
52,33	50,00
52,35	50,00
52,38	50,00
52,40	50,00
52,42	50,00
52,45	50,00
52,47	50,00
52,50	50,00
52,52	50,00
52,55	50,00
52,57	50,00
52,60	50,00
52,62	50,00
52,64	50,00
52,67	50,00
52,69	50,00
52,72	50,00
52,74	50,00
52,77	50,00
52,79	50,00
52,82	50,00
52,84	50,00
52,86	50,00
52,89	50,00
52,91	50,00
52,94	50,00
52,96	50,00
52,99	50,00
53,01	50,00
53,04	50,00
53,06	50,00
53,08	50,00
53,11	50,00
53,13	50,00
53,16	50,00
53,18	50,00
53,21	50,00
53,23	50,00
53,26	50,00
53,28	50,00
53,30	50,00
53,33	50,00
53,35	50,00
53,38	50,00
53,40	50,00
53,43	50,00
53,45	50,00
53,47	50,00
53,50	50,00
53,52	50,00
53,55	50,00
53,57	50,00
53,60	50,00
53,62	50,00
53,65	50,00
53,67	50,00
53,69	50,00
53,72	50,00
53,74	50,00
53,77	50,00
53,79	50,00
53,82	50,00
53,84	50,00
53,87	50,00
53,89	50,00
53,91	50,00
53,94	50,00
53,96	50,00
53,99	50,00
54,01	50,00
54,04	50,00
54,06	50,00
54,09	50,00
54,11	50,00
54,13	50,00
54,16	50,00
54,18	50,00
54,21	50,00
54,23	50,00
54,26	50,00
54,28	50,00
54,31	50,00
54,33	50,00
54,35	50,00
54,38	50,00
54,40	50,00
54,43	50,00
54,45	50,00
54,48	50,00
54,50	50,00
54,52	50,00
54,55	50,00
54,57	50,00
54,60	50,00
54,62	50,00
54,65	50,00
54,67	50,00
54,70	50,00
54,72	50,00
54,74	50,00
54,77	50,00
54,79	50,00
54,82	50,00
54,84	50,00
54,87	50,00
54,89	50,00
54,92	50,00
54,94	50,00
54,96	50,00
54,99	50,00
55,01	50,00
