
U1/V	IA/nA

0,02	0,16
0,04	0,16
0,07	0,13
0,09	0,12
0,12	0,09
0,14	0,14
0,17	0,11
0,19	0,14
0,21	0,11
0,24	0,13
0,26	0,10
0,29	0,14
0,31	0,09
0,34	0,11
0,36	0,08
0,39	0,12
0,41	0,12
0,43	0,14
0,46	0,11
0,48	0,13
0,51	0,12
0,53	0,18
0,56	0,16
0,58	0,15
0,61	0,13
0,63	0,13
0,65	0,11
0,68	0,14
0,70	0,09
0,73	0,09
0,75	0,07
0,78	0,08
0,80	0,09
0,83	0,10
0,85	0,07
0,87	0,09
0,90	0,08
0,92	0,10
0,95	0,10
0,97	0,10
1,00	0,10
1,02	0,10
1,05	0,09
1,07	0,09
1,09	0,09
1,12	0,10
1,14	0,13
1,17	0,12
1,19	0,14
1,22	0,12
1,24	0,14
1,26	0,16
1,29	0,15
1,31	0,10
1,34	0,12
1,36	0,09
1,39	0,10
1,41	0,09
1,44	0,08
1,46	0,06
1,48	0,10
1,51	0,08
1,53	0,10
1,56	0,09
1,58	0,12
1,61	0,11
1,63	0,13
1,66	0,10
1,68	0,13
1,70	0,11
1,73	0,15
1,75	0,12
1,78	0,13
1,80	0,10
1,83	0,13
1,85	0,10
1,88	0,16
1,90	0,12
1,92	0,15
1,95	0,13
1,97	0,16
2,00	0,14
2,02	0,15
2,05	0,11
2,07	0,14
2,10	0,11
2,12	0,14
2,14	0,10
2,17	0,11
2,19	0,10
2,22	0,10
2,24	0,08
2,27	0,09
2,29	0,07
2,31	0,09
2,34	0,10
2,36	0,11
2,39	0,11
2,41	0,12
2,44	0,11
2,46	0,12
2,49	0,11
2,51	0,09
2,53	0,09
2,56	0,09
2,58	0,06
2,61	0,10
2,63	0,09
2,66	0,11
2,68	0,11
2,71	0,12
2,73	0,13
2,75	0,15
2,78	0,13
2,80	0,13
2,83	0,12
2,85	0,11
2,88	0,10
2,90	0,07
2,93	0,10
2,95	0,08
2,97	0,09
3,00	0,07
3,02	0,08
3,05	0,08
3,07	0,12
3,10	0,09
3,12	0,11
3,15	0,10
3,17	0,11
3,19	0,10
3,22	0,11
3,24	0,07
3,27	0,10
3,29	0,08
3,32	0,09
3,34	0,10
3,36	0,12
3,39	0,10
3,41	0,13
3,44	0,10
3,46	0,13
3,49	0,12
3,51	0,13
3,54	0,10
3,56	0,12
3,58	0,09
3,61	0,12
3,63	0,10
3,66	0,12
3,68	0,09
3,71	0,12
3,73	0,11
3,76	0,14
3,78	0,12
3,80	0,16
3,83	0,13
3,85	0,15
3,88	0,12
3,90	0,15
3,93	0,12
3,95	0,13
3,98	0,08
4,00	0,13
4,02	0,10
4,05	0,13
4,07	0,11
4,10	0,14
4,12	0,12
4,15	0,14
4,17	0,11
4,20	0,16
4,22	0,16
4,24	0,15
4,27	0,13
4,29	0,13
4,32	0,12
4,34	0,13
4,37	0,10
4,39	0,10
4,42	0,08
4,44	0,10
4,46	0,11
4,49	0,11
4,51	0,12
4,54	0,14
4,56	0,13
4,59	0,14
4,61	0,15
4,63	0,16
4,66	0,17
4,68	0,16
4,71	0,14
4,73	0,15
4,76	0,16
4,78	0,16
4,81	0,19
4,83	0,18
4,85	0,19
4,88	0,19
4,90	0,19
4,93	0,21
4,95	0,21
4,98	0,17
5,00	0,18
5,03	0,16
5,05	0,19
5,07	0,19
5,10	0,21
5,12	0,19
5,15	0,21
5,17	0,19
5,20	0,24
5,22	0,22
5,25	0,24
5,27	0,23
5,29	0,26
5,32	0,25
5,34	0,29
5,37	0,26
5,39	0,29
5,42	0,26
5,44	0,27
5,47	0,25
5,49	0,29
5,51	0,26
5,54	0,31
5,56	0,27
5,59	0,31
5,61	0,29
5,64	0,31
5,66	0,31
5,68	0,35
5,71	0,34
5,73	0,38
5,76	0,37
5,78	0,39
5,81	0,39
5,83	0,41
5,86	0,39
5,88	0,42
5,90	0,41
5,93	0,44
5,95	0,42
5,98	0,44
6,00	0,47
6,03	0,49
6,05	0,49
6,08	0,50
6,10	0,49
6,12	0,51
6,15	0,53
6,17	0,52
6,20	0,52
6,22	0,52
6,25	0,52
6,27	0,53
6,30	0,55
6,32	0,53
6,34	0,55
6,37	0,55
6,39	0,58
6,42	0,59
6,44	0,61
6,47	0,62
6,49	0,64
6,52	0,62
6,54	0,66
6,56	0,66
6,59	0,70
6,61	0,69
6,64	0,72
6,66	0,75
6,69	0,79
6,71	0,78
6,73	0,84
6,76	0,82
6,78	0,85
6,81	0,84
6,83	0,86
6,86	0,85
6,88	0,89
6,91	0,85
6,93	0,90
6,95	0,88
6,98	0,91
7,00	0,89
7,03	0,93
7,05	0,91
7,08	0,95
7,10	0,92
7,13	0,99
7,15	0,98
7,17	1,02
7,20	1,02
7,22	1,05
7,25	1,04
7,27	1,08
7,30	1,05
7,32	1,10
7,35	1,09
7,37	1,10
7,39	1,12
7,42	1,15
7,44	1,15
7,47	1,19
7,49	1,18
7,52	1,21
7,54	1,22
7,57	1,25
7,59	1,25
7,61	1,27
7,64	1,26
7,66	1,27
7,69	1,25
7,71	1,28
7,74	1,26
7,76	1,26
7,78	1,26
7,81	1,28
7,83	1,29
7,86	1,33
7,88	1,31
7,91	1,32
7,93	1,32
7,96	1,31
7,98	1,30
8,00	1,31
8,03	1,30
8,05	1,31
8,08	1,32
8,10	1,32
8,13	1,36
8,15	1,38
8,18	1,40
8,20	1,39
8,22	1,40
8,25	1,41
8,27	1,43
8,30	1,42
8,32	1,44
8,35	1,41
8,37	1,44
8,40	1,44
8,42	1,44
8,44	1,42
8,47	1,43
8,49	1,41
8,52	1,43
8,54	1,40
8,57	1,41
8,59	1,44
8,62	1,46
8,64	1,43
8,66	1,47
8,69	1,42
8,71	1,46
8,74	1,45
8,76	1,44
8,79	1,42
8,81	1,43
8,84	1,40
8,86	1,46
8,88	1,42
8,91	1,45
8,93	1,42
8,96	1,45
8,98	1,45
9,01	1,49
9,03	1,44
9,05	1,47
9,08	1,44
9,10	1,48
9,13	1,47
9,15	1,46
9,18	1,42
9,20	1,44
9,23	1,42
9,25	1,45
9,27	1,43
9,30	1,42
9,32	1,44
9,35	1,45
9,37	1,44
9,40	1,44
9,42	1,40
9,45	1,41
9,47	1,40
9,49	1,38
9,52	1,40
9,54	1,41
9,57	1,42
9,59	1,45
9,62	1,45
9,64	1,47
9,67	1,49
9,69	1,49
9,71	1,49
9,74	1,50
9,76	1,49
9,79	1,50
9,81	1,51
9,84	1,52
9,86	1,55
9,89	1,54
9,91	1,55
9,93	1,54
9,96	1,57
9,98	1,58
10,01	1,59
10,03	1,56
10,06	1,61
10,08	1,60
10,10	1,64
10,13	1,64
10,15	1,67
10,18	1,67
10,20	1,70
10,23	1,70
10,25	1,74
10,28	1,72
10,30	1,75
10,32	1,76
10,35	1,79
10,37	1,79
10,40	1,84
10,42	1,84
10,45	1,89
10,47	1,89
10,50	1,92
10,52	1,92
10,54	1,95
10,57	1,95
10,59	2,01
10,62	1,99
10,64	2,05
10,67	2,06
10,69	2,10
10,72	2,12
10,74	2,19
10,76	2,17
10,79	2,25
10,81	2,26
10,84	2,30
10,86	2,31
10,89	2,36
10,91	2,36
10,94	2,42
10,96	2,44
10,98	2,49
11,01	2,48
11,03	2,54
11,06	2,57
11,08	2,64
11,11	2,66
11,13	2,72
11,15	2,74
11,18	2,82
11,20	2,86
11,23	2,91
11,25	2,96
11,28	3,01
11,30	3,05
11,33	3,14
11,35	3,19
11,37	3,25
11,40	3,30
11,42	3,34
11,45	3,40
11,47	3,46
11,50	3,49
11,52	3,56
11,55	3,61
11,57	3,65
11,59	3,72
11,62	3,75
11,64	3,82
11,67	3,90
11,69	3,97
11,72	4,02
11,74	4,07
11,77	4,11
11,79	4,21
11,81	4,25
11,84	4,31
11,86	4,33
11,89	4,40
11,91	4,47
11,94	4,54
11,96	4,55
11,99	4,63
12,01	4,66
12,03	4,73
12,06	4,78
12,08	4,82
12,11	4,85
12,13	4,91
12,16	4,91
12,18	4,96
12,21	4,98
12,23	5,00
12,25	5,02
12,28	5,05
12,30	5,04
12,33	5,08
12,35	5,08
12,38	5,11
12,40	5,10
12,42	5,14
12,45	5,14
12,47	5,15
12,50	5,14
12,52	5,18
12,55	5,16
12,57	5,17
12,60	5,16
12,62	5,17
12,64	5,17
12,67	5,17
12,69	5,12
12,72	5,13
12,74	5,12
12,77	5,13
12,79	5,11
12,82	5,09
12,84	5,06
12,86	5,06
12,89	5,03
12,91	5,03
12,94	4,99
12,96	4,95
12,99	4,93
13,01	4,89
13,04	4,85
13,06	4,84
13,08	4,78
13,11	4,75
13,13	4,73
13,16	4,70
13,18	4,68
13,21	4,65
13,23	4,60
13,26	4,58
13,28	4,54
13,30	4,50
13,33	4,48
13,35	4,46
13,38	4,45
13,40	4,41
13,43	4,37
13,45	4,33
13,47	4,31
13,50	4,28
13,52	4,25
13,55	4,20
13,57	4,18
13,60	4,15
13,62	4,16
13,65	4,12
13,67	4,10
13,69	4,06
13,72	4,07
13,74	4,00
13,77	3,99
13,79	3,92
13,82	3,90
13,84	3,85
13,87	3,84
13,89	3,78
13,91	3,81
13,94	3,75
13,96	3,77
13,99	3,76
14,01	3,76
14,04	3,74
14,06	3,77
14,09	3,73
14,11	3,77
14,13	3,73
14,16	3,73
14,18	3,71
14,21	3,73
14,23	3,69
14,26	3,73
14,28	3,70
14,31	3,72
14,33	3,71
14,35	3,72
14,38	3,70
14,40	3,73
14,43	3,72
14,45	3,75
14,48	3,73
14,50	3,74
14,52	3,74
14,55	3,76
14,57	3,77
14,60	3,80
14,62	3,80
14,65	3,85
14,67	3,84
14,70	3,88
14,72	3,93
14,74	3,97
14,77	3,99
14,79	4,03
14,82	4,05
14,84	4,12
14,87	4,16
14,89	4,19
14,92	4,23
14,94	4,26
14,96	4,29
14,99	4,36
15,01	4,40
15,04	4,45
15,06	4,50
15,09	4,54
15,11	4,61
15,14	4,66
15,16	4,72
15,18	4,79
15,21	4,86
15,23	4,90
15,26	4,99
15,28	5,04
15,31	5,12
15,33	5,16
15,36	5,21
15,38	5,27
15,40	5,34
15,43	5,39
15,45	5,49
15,48	5,55
15,50	5,65
15,53	5,72
15,55	5,83
15,57	5,93
15,60	6,05
15,62	6,12
15,65	6,23
15,67	6,30
15,70	6,40
15,72	6,49
15,75	6,59
15,77	6,67
15,79	6,79
15,82	6,88
15,84	7,03
15,87	7,14
15,89	7,26
15,92	7,37
15,94	7,49
15,97	7,57
15,99	7,71
16,01	7,80
16,04	7,93
16,06	8,02
16,09	8,14
16,11	8,26
16,14	8,41
16,16	8,52
16,19	8,68
16,21	8,79
16,23	8,95
16,26	9,10
16,28	9,25
16,31	9,39
16,33	9,56
16,36	9,68
16,38	9,83
16,41	9,94
16,43	10,08
16,45	10,24
16,48	10,35
16,50	10,47
16,53	10,63
16,55	10,78
16,58	10,96
16,60	11,14
16,63	11,24
16,65	11,44
16,67	11,57
16,70	11,72
16,72	11,85
16,75	11,99
16,77	12,09
16,80	12,25
16,82	12,34
16,84	12,51
16,87	12,63
16,89	12,79
16,92	12,92
16,94	13,06
16,97	13,14
16,99	13,31
17,02	13,38
17,04	13,50
17,06	13,56
17,09	13,64
17,11	13,69
17,14	13,77
17,16	13,77
17,19	13,85
17,21	13,86
17,24	13,92
17,26	13,92
17,28	13,96
17,31	13,97
17,33	13,99
17,36	13,95
17,38	13,95
17,41	13,87
17,43	13,85
17,46	13,79
17,48	13,74
17,50	13,69
17,53	13,66
17,55	13,55
17,58	13,54
17,60	13,43
17,63	13,36
17,65	13,29
17,68	13,21
17,70	13,07
17,72	13,03
17,75	12,89
17,77	12,82
17,80	12,71
17,82	12,63
17,85	12,49
17,87	12,39
17,89	12,24
17,92	12,14
17,94	11,99
17,97	11,88
17,99	11,71
18,02	11,57
18,04	11,42
18,07	11,28
18,09	11,13
18,11	11,02
18,14	10,85
18,16	10,73
18,19	10,60
18,21	10,47
18,24	10,36
18,26	10,21
18,29	10,05
18,31	9,94
18,33	9,80
18,36	9,67
18,38	9,57
18,41	9,44
18,43	9,32
18,46	9,22
18,48	9,11
18,51	9,00
18,53	8,90
18,55	8,77
18,58	8,67
18,60	8,57
18,63	8,47
18,65	8,36
18,68	8,29
18,70	8,21
18,73	8,13
18,75	8,04
18,77	8,00
18,80	7,91
18,82	7,86
18,85	7,78
18,87	7,71
18,90	7,64
18,92	7,61
18,94	7,52
18,97	7,51
18,99	7,45
19,02	7,42
19,04	7,39
19,07	7,38
19,09	7,34
19,12	7,39
19,14	7,35
19,16	7,36
19,19	7,34
19,21	7,34
19,24	7,34
19,26	7,36
19,29	7,31
19,31	7,35
19,34	7,35
19,36	7,39
19,38	7,41
19,41	7,46
19,43	7,50
19,46	7,57
19,48	7,59
19,51	7,68
19,53	7,71
19,56	7,77
19,58	7,80
19,60	7,85
19,63	7,88
19,65	7,97
19,68	8,01
19,70	8,09
19,73	8,14
19,75	8,25
19,78	8,35
19,80	8,47
19,82	8,56
19,85	8,67
19,87	8,76
19,90	8,87
19,92	8,97
19,95	9,08
19,97	9,18
19,99	9,28
20,02	9,38
20,04	9,52
20,07	9,66
20,09	9,80
20,12	9,95
20,14	10,08
20,17	10,24
20,19	10,37
20,21	10,50
20,24	10,65
20,26	10,79
20,29	10,90
20,31	11,07
20,34	11,18
20,36	11,36
20,39	11,53
20,41	11,72
20,43	11,87
20,46	12,05
20,48	12,20
20,51	12,44
20,53	12,58
20,56	12,77
20,58	12,91
20,61	13,11
20,63	13,29
20,65	13,49
20,68	13,63
20,70	13,87
20,73	14,06
20,75	14,31
20,78	14,52
20,80	14,76
20,83	14,97
20,85	15,22
20,87	15,44
20,90	15,66
20,92	15,85
20,95	16,06
20,97	16,27
21,00	16,52
21,02	16,74
21,05	16,97
21,07	17,19
21,09	17,43
21,12	17,70
21,14	17,96
21,17	18,20
21,19	18,47
21,22	18,73
21,24	18,98
21,26	19,25
21,29	19,47
21,31	19,75
21,34	20,01
21,36	20,28
21,39	20,57
21,41	20,87
21,44	21,17
21,46	21,49
21,48	21,74
21,51	22,06
21,53	22,35
21,56	22,63
21,58	22,90
21,61	23,15
21,63	23,40
21,66	23,69
21,68	23,92
21,70	24,20
21,73	24,43
21,75	24,72
21,78	25,01
21,80	25,29
21,83	25,52
21,85	25,79
21,88	25,99
21,90	26,24
21,92	26,41
21,95	26,59
21,97	26,75
22,00	26,93
22,02	27,04
22,05	27,20
22,07	27,28
22,10	27,43
22,12	27,52
22,14	27,63
22,17	27,67
22,19	27,76
22,22	27,77
22,24	27,84
22,27	27,80
22,29	27,81
22,31	27,77
22,34	27,77
22,36	27,68
22,39	27,63
22,41	27,51
22,44	27,45
22,46	27,31
22,49	27,20
22,51	27,04
22,53	26,90
22,56	26,72
22,58	26,58
22,61	26,38
22,63	26,26
22,66	26,08
22,68	25,92
22,71	25,76
22,73	25,60
22,75	25,39
22,78	25,23
22,80	24,96
22,83	24,74
22,85	24,45
22,88	24,20
22,90	23,89
22,93	23,63
22,95	23,28
22,97	23,06
23,00	22,76
23,02	22,54
23,05	22,25
23,07	21,99
23,10	21,70
23,12	21,45
23,15	21,12
23,17	20,88
23,19	20,54
23,22	20,23
23,24	19,91
23,27	19,61
23,29	19,31
23,32	19,02
23,34	18,71
23,36	18,46
23,39	18,20
23,41	17,96
23,44	17,75
23,46	17,54
23,49	17,30
23,51	17,06
23,54	16,81
23,56	16,60
23,58	16,39
23,61	16,16
23,63	15,94
23,66	15,74
23,68	15,56
23,71	15,41
23,73	15,23
23,76	15,08
23,78	14,95
23,80	14,81
23,83	14,70
23,85	14,57
23,88	14,47
23,90	14,40
23,93	14,31
23,95	14,20
23,98	14,15
24,00	14,07
24,02	14,03
24,05	13,96
24,07	13,91
24,10	13,86
24,12	13,86
24,15	13,81
24,17	13,84
24,20	13,82
24,22	13,84
24,24	13,85
24,27	13,89
24,29	13,92
24,32	13,99
24,34	14,00
24,37	14,10
24,39	14,13
24,42	14,21
24,44	14,27
24,46	14,35
24,49	14,40
24,51	14,53
24,54	14,60
24,56	14,73
24,59	14,83
24,61	14,97
24,63	15,12
24,66	15,29
24,68	15,41
24,71	15,60
24,73	15,73
24,76	15,89
24,78	16,03
24,81	16,20
24,83	16,35
24,85	16,52
24,88	16,69
24,90	16,91
24,93	17,10
24,95	17,33
24,98	17,55
25,00	17,79
25,03	18,03
25,05	18,26
25,07	18,44
25,10	18,67
25,12	18,86
25,15	19,07
25,17	19,32
25,20	19,52
25,22	19,76
25,25	20,05
25,27	20,35
25,29	20,67
25,32	20,99
25,34	21,23
25,37	21,56
25,39	21,84
25,42	22,10
25,44	22,37
25,47	22,65
25,49	22,87
25,51	23,18
25,54	23,43
25,56	23,77
25,59	24,06
25,61	24,41
25,64	24,70
25,66	25,09
25,68	25,43
25,71	25,84
25,73	26,18
25,76	26,62
25,78	26,92
25,81	27,29
25,83	27,57
25,86	27,94
25,88	28,22
25,90	28,59
25,93	28,87
25,95	29,31
25,98	29,68
26,00	30,13
26,03	30,51
26,05	30,95
26,08	31,36
26,10	31,85
26,12	32,18
26,15	32,54
26,17	32,91
26,20	33,31
26,22	33,68
26,25	34,07
26,27	34,42
26,30	34,87
26,32	35,33
26,34	35,78
26,37	36,26
26,39	36,70
26,42	37,16
26,44	37,64
26,47	38,03
26,49	38,40
26,52	38,81
26,54	39,20
26,56	39,59
26,59	39,95
26,61	40,34
26,64	40,83
26,66	41,28
26,69	41,72
26,71	42,17
26,73	42,60
26,76	43,05
26,78	43,44
26,81	43,81
26,83	44,16
26,86	44,50
26,88	44,77
26,91	45,10
26,93	45,36
26,95	45,67
26,98	45,92
27,00	46,23
27,03	46,47
27,05	46,70
27,08	46,86
27,10	47,12
27,13	47,26
27,15	47,43
27,17	47,54
27,20	47,68
27,22	47,79
27,25	47,92
27,27	47,92
27,30	47,99
27,32	48,02
27,35	48,09
27,37	48,11
27,39	48,13
27,42	48,09
27,44	48,09
27,47	48,03
27,49	47,99
27,52	47,90
27,54	47,83
27,57	47,75
27,59	47,65
27,61	47,51
27,64	47,39
27,66	47,23
27,69	47,05
27,71	46,84
27,74	46,66
27,76	46,43
27,78	46,19
27,81	45,88
27,83	45,60
27,86	45,34
27,88	45,02
27,91	44,65
27,93	44,36
27,96	43,96
27,98	43,62
28,00	43,20
28,03	42,77
28,05	42,31
28,08	41,86
28,10	41,36
28,13	40,90
28,15	40,37
28,18	39,90
28,20	39,34
28,22	38,95
28,25	38,50
28,27	38,10
28,30	37,66
28,32	37,29
28,35	36,85
28,37	36,51
28,40	36,00
28,42	35,56
28,44	35,07
28,47	34,65
28,49	34,20
28,52	33,77
28,54	33,32
28,57	32,97
28,59	32,57
28,62	32,22
28,64	31,87
28,66	31,53
28,69	31,18
28,71	30,85
28,74	30,49
28,76	30,17
28,79	29,84
28,81	29,52
28,84	29,24
28,86	28,97
28,88	28,70
28,91	28,48
28,93	28,28
28,96	28,10
28,98	27,93
29,01	27,74
29,03	27,60
29,05	27,45
29,08	27,28
29,10	27,15
29,13	27,03
29,15	26,91
29,18	26,84
29,20	26,75
29,23	26,72
29,25	26,70
29,27	26,68
29,30	26,65
29,32	26,68
29,35	26,68
29,37	26,73
29,40	26,74
29,42	26,81
29,45	26,87
29,47	26,98
29,49	27,06
29,52	27,19
29,54	27,30
29,57	27,49
29,59	27,62
29,62	27,78
29,64	27,91
29,67	28,06
29,69	28,22
29,71	28,41
29,74	28,54
29,76	28,76
29,79	28,95
29,81	29,18
29,84	29,45
29,86	29,73
29,89	29,98
29,91	30,30
29,93	30,58
29,96	30,85
29,98	31,12
30,01	31,39
30,03	31,66
30,06	31,96
30,08	32,21
30,10	32,53
30,13	32,88
30,15	33,26
30,18	33,63
30,20	34,01
30,23	34,39
30,25	34,80
30,28	35,20
30,30	35,56
30,32	35,91
30,35	36,27
30,37	36,63
30,40	37,01
30,42	37,43
30,45	37,80
30,47	38,26
30,50	38,74
30,52	39,21
30,54	39,66
30,57	40,17
30,59	40,62
30,62	41,17
30,64	41,67
30,67	42,12
30,69	42,54
30,72	43,03
30,74	43,45
30,76	43,96
30,79	44,37
30,81	44,88
30,84	45,41
30,86	46,01
30,89	46,54
30,91	47,18
30,94	47,70
30,96	48,29
30,98	48,76
31,01	49,18
31,03	49,49
31,06	49,78
31,08	49,90
31,11	50,00
31,13	50,00
31,15	50,00
31,18	50,00
31,20	50,00
31,23	50,00
31,25	50,00
31,28	50,00
31,30	50,00
31,33	50,00
31,35	50,00
31,37	50,00
31,40	50,00
31,42	50,00
31,45	50,00
31,47	50,00
31,50	50,00
31,52	50,00
31,55	50,00
31,57	50,00
31,59	50,00
31,62	50,00
31,64	50,00
31,67	50,00
31,69	50,00
31,72	50,00
31,74	50,00
31,77	50,00
31,79	50,00
31,81	50,00
31,84	50,00
31,86	50,00
31,89	50,00
31,91	50,00
31,94	50,00
31,96	50,00
31,99	50,00
32,01	50,00
32,03	50,00
32,06	50,00
32,08	50,00
32,11	50,00
32,13	50,00
32,16	50,00
32,18	50,00
32,20	50,00
32,23	50,00
32,25	50,00
32,28	50,00
32,30	50,00
32,33	50,00
32,35	50,00
32,38	50,00
32,40	50,00
32,42	50,00
32,45	50,00
32,47	50,00
32,50	50,00
32,52	50,00
32,55	50,00
32,57	50,00
32,60	50,00
32,62	50,00
32,64	50,00
32,67	50,00
32,69	50,00
32,72	50,00
32,74	50,00
32,77	50,00
32,79	50,00
32,82	50,00
32,84	50,00
32,86	50,00
32,89	50,00
32,91	50,00
32,94	50,00
32,96	50,00
32,99	50,00
33,01	50,00
33,04	50,00
33,06	50,00
33,08	50,00
33,11	50,00
33,13	50,00
33,16	50,00
33,18	50,00
33,21	50,00
33,23	50,00
33,26	50,00
33,28	50,00
33,30	50,00
33,33	50,00
33,35	50,00
33,38	50,00
33,40	50,00
33,43	50,00
33,45	50,00
33,47	50,00
33,50	50,00
33,52	50,00
33,55	50,00
33,57	50,00
33,60	50,00
33,62	50,00
33,65	50,00
33,67	50,00
33,69	50,00
33,72	50,00
33,74	50,00
33,77	50,00
33,79	50,00
33,82	50,00
33,84	50,00
33,87	50,00
33,89	50,00
33,91	50,00
33,94	50,00
33,96	50,00
33,99	50,00
34,01	50,00
34,04	50,00
34,06	50,00
34,09	50,00
34,11	50,00
34,13	50,00
34,16	50,00
34,18	50,00
34,21	50,00
34,23	50,00
34,26	50,00
34,28	50,00
34,31	50,00
34,33	50,00
34,35	50,00
34,38	50,00
34,40	50,00
34,43	50,00
34,45	50,00
34,48	50,00
34,50	50,00
34,52	50,00
34,55	50,00
34,57	50,00
34,60	50,00
34,62	50,00
34,65	50,00
34,67	50,00
34,70	50,00
34,72	50,00
34,74	50,00
34,77	50,00
34,79	50,00
34,82	50,00
34,84	50,00
34,87	50,00
34,89	50,00
34,92	50,00
34,94	50,00
34,96	50,00
34,99	50,00
35,01	50,00
35,04	50,00
35,06	50,00
35,09	50,00
35,11	50,00
35,14	50,00
35,16	50,00
35,18	50,00
35,21	50,00
35,23	50,00
35,26	50,00
35,28	50,00
35,31	50,00
35,33	50,00
35,36	50,00
35,38	50,00
35,40	50,00
35,43	50,00
35,45	50,00
35,48	50,00
35,50	50,00
35,53	50,00
35,55	50,00
35,57	50,00
35,60	50,00
35,62	50,00
35,65	50,00
35,67	50,00
35,70	50,00
35,72	50,00
35,75	50,00
35,77	50,00
35,79	50,00
35,82	50,00
35,84	50,00
35,87	50,00
35,89	50,00
35,92	50,00
35,94	50,00
35,97	50,00
35,99	50,00
36,01	50,00
36,04	50,00
36,06	50,00
36,09	50,00
36,11	50,00
36,14	50,00
36,16	50,00
36,19	50,00
36,21	50,00
36,23	50,00
36,26	50,00
36,28	50,00
36,31	50,00
36,33	50,00
36,36	50,00
36,38	50,00
36,41	50,00
36,43	50,00
36,45	50,00
36,48	50,00
36,50	50,00
36,53	50,00
36,55	50,00
36,58	50,00
36,60	50,00
36,62	50,00
36,65	50,00
36,67	50,00
36,70	50,00
36,72	50,00
36,75	50,00
36,77	50,00
36,80	50,00
36,82	50,00
36,84	50,00
36,87	50,00
36,89	50,00
36,92	50,00
36,94	50,00
36,97	50,00
36,99	50,00
37,02	50,00
37,04	50,00
37,06	50,00
37,09	50,00
37,11	50,00
37,14	50,00
37,16	50,00
37,19	50,00
37,21	50,00
37,24	50,00
37,26	50,00
37,28	50,00
37,31	50,00
37,33	50,00
37,36	50,00
37,38	50,00
37,41	50,00
37,43	50,00
37,46	50,00
37,48	50,00
37,50	50,00
37,53	50,00
37,55	50,00
37,58	50,00
37,60	50,00
37,63	50,00
37,65	50,00
37,68	50,00
37,70	50,00
37,72	50,00
37,75	50,00
37,77	50,00
37,80	50,00
37,82	50,00
37,85	50,00
37,87	50,00
37,89	50,00
37,92	50,00
37,94	50,00
37,97	50,00
37,99	50,00
38,02	50,00
38,04	50,00
38,07	50,00
38,09	50,00
38,11	50,00
38,14	50,00
38,16	50,00
38,19	50,00
38,21	50,00
38,24	50,00
38,26	50,00
38,29	50,00
38,31	50,00
38,33	50,00
38,36	50,00
38,38	50,00
38,41	50,00
38,43	50,00
38,46	50,00
38,48	50,00
38,51	50,00
38,53	50,00
38,55	50,00
38,58	50,00
38,60	50,00
38,63	50,00
38,65	50,00
38,68	50,00
38,70	50,00
38,73	50,00
38,75	50,00
38,77	50,00
38,80	50,00
38,82	50,00
38,85	50,00
38,87	50,00
38,90	50,00
38,92	50,00
38,94	50,00
38,97	50,00
38,99	50,00
39,02	50,00
39,04	50,00
39,07	50,00
39,09	50,00
39,12	50,00
39,14	50,00
39,16	50,00
39,19	50,00
39,21	50,00
39,24	50,00
39,26	50,00
39,29	50,00
39,31	50,00
39,34	50,00
39,36	50,00
39,38	50,00
39,41	50,00
39,43	50,00
39,46	50,00
39,48	50,00
39,51	50,00
39,53	50,00
39,56	50,00
39,58	50,00
39,60	50,00
39,63	50,00
39,65	50,00
39,68	50,00
39,70	50,00
39,73	50,00
39,75	50,00
39,78	50,00
39,80	50,00
39,82	50,00
39,85	50,00
39,87	50,00
39,90	50,00
39,92	50,00
39,95	50,00
39,97	50,00
39,99	50,00
40,02	50,00
40,04	50,00
40,07	50,00
40,09	50,00
40,12	50,00
40,14	50,00
40,17	50,00
40,19	50,00
40,21	50,00
40,24	50,00
40,26	50,00
40,29	50,00
40,31	50,00
40,34	50,00
40,36	50,00
40,39	50,00
40,41	50,00
40,43	50,00
40,46	50,00
40,48	50,00
40,51	50,00
40,53	50,00
40,56	50,00
40,58	50,00
40,61	50,00
40,63	50,00
40,65	50,00
40,68	50,00
40,70	50,00
40,73	50,00
40,75	50,00
40,78	50,00
40,80	50,00
40,83	50,00
40,85	50,00
40,87	50,00
40,90	50,00
40,92	50,00
40,95	50,00
40,97	50,00
41,00	50,00
41,02	50,00
41,05	50,00
41,07	50,00
41,09	50,00
41,12	50,00
41,14	50,00
41,17	50,00
41,19	50,00
41,22	50,00
41,24	50,00
41,26	50,00
41,29	50,00
41,31	50,00
41,34	50,00
41,36	50,00
41,39	50,00
41,41	50,00
41,44	50,00
41,46	50,00
41,48	50,00
41,51	50,00
41,53	50,00
41,56	50,00
41,58	50,00
41,61	50,00
41,63	50,00
41,66	50,00
41,68	50,00
41,70	50,00
41,73	50,00
41,75	50,00
41,78	50,00
41,80	50,00
41,83	50,00
41,85	50,00
41,88	50,00
41,90	50,00
41,92	50,00
41,95	50,00
41,97	50,00
42,00	50,00
42,02	50,00
42,05	50,00
42,07	50,00
42,10	50,00
42,12	50,00
42,14	50,00
42,17	50,00
42,19	50,00
42,22	50,00
42,24	50,00
42,27	50,00
42,29	50,00
42,31	50,00
42,34	50,00
42,36	50,00
42,39	50,00
42,41	50,00
42,44	50,00
42,46	50,00
42,49	50,00
42,51	50,00
42,53	50,00
42,56	50,00
42,58	50,00
42,61	50,00
42,63	50,00
42,66	50,00
42,68	50,00
42,71	50,00
42,73	50,00
42,75	50,00
42,78	50,00
42,80	50,00
42,83	50,00
42,85	50,00
42,88	50,00
42,90	50,00
42,93	50,00
42,95	50,00
42,97	50,00
43,00	50,00
43,02	50,00
43,05	50,00
43,07	50,00
43,10	50,00
43,12	50,00
43,15	50,00
43,17	50,00
43,19	50,00
43,22	50,00
43,24	50,00
43,27	50,00
43,29	50,00
43,32	50,00
43,34	50,00
43,36	50,00
43,39	50,00
43,41	50,00
43,44	50,00
43,46	50,00
43,49	50,00
43,51	50,00
43,54	50,00
43,56	50,00
43,58	50,00
43,61	50,00
43,63	50,00
43,66	50,00
43,68	50,00
43,71	50,00
43,73	50,00
43,76	50,00
43,78	50,00
43,80	50,00
43,83	50,00
43,85	50,00
43,88	50,00
43,90	50,00
43,93	50,00
43,95	50,00
43,98	50,00
44,00	50,00
44,02	50,00
44,05	50,00
44,07	50,00
44,10	50,00
44,12	50,00
44,15	50,00
44,17	50,00
44,20	50,00
44,22	50,00
44,24	50,00
44,27	50,00
44,29	50,00
44,32	50,00
44,34	50,00
44,37	50,00
44,39	50,00
44,41	50,00
44,44	50,00
44,46	50,00
44,49	50,00
44,51	50,00
44,54	50,00
44,56	50,00
44,59	50,00
44,61	50,00
44,63	50,00
44,66	50,00
44,68	50,00
44,71	50,00
44,73	50,00
44,76	50,00
44,78	50,00
44,81	50,00
44,83	50,00
44,85	50,00
44,88	50,00
44,90	50,00
44,93	50,00
44,95	50,00
44,98	50,00
45,00	50,00
45,03	50,00
45,05	50,00
45,07	50,00
45,10	50,00
45,12	50,00
45,15	50,00
45,17	50,00
45,20	50,00
45,22	50,00
45,25	50,00
45,27	50,00
45,29	50,00
45,32	50,00
45,34	50,00
45,37	50,00
45,39	50,00
45,42	50,00
45,44	50,00
45,47	50,00
45,49	50,00
45,51	50,00
45,54	50,00
45,56	50,00
45,59	50,00
45,61	50,00
45,64	50,00
45,66	50,00
45,68	50,00
45,71	50,00
45,73	50,00
45,76	50,00
45,78	50,00
45,81	50,00
45,83	50,00
45,86	50,00
45,88	50,00
45,90	50,00
45,93	50,00
45,95	50,00
45,98	50,00
46,00	50,00
46,03	50,00
46,05	50,00
46,08	50,00
46,10	50,00
46,12	50,00
46,15	50,00
46,17	50,00
46,20	50,00
46,22	50,00
46,25	50,00
46,27	50,00
46,30	50,00
46,32	50,00
46,34	50,00
46,37	50,00
46,39	50,00
46,42	50,00
46,44	50,00
46,47	50,00
46,49	50,00
46,52	50,00
46,54	50,00
46,56	50,00
46,59	50,00
46,61	50,00
46,64	50,00
46,66	50,00
46,69	50,00
46,71	50,00
46,73	50,00
46,76	50,00
46,78	50,00
46,81	50,00
46,83	50,00
46,86	50,00
46,88	50,00
46,91	50,00
46,93	50,00
46,95	50,00
46,98	50,00
47,00	50,00
47,03	50,00
47,05	50,00
47,08	50,00
47,10	50,00
47,13	50,00
47,15	50,00
47,17	50,00
47,20	50,00
47,22	50,00
47,25	50,00
47,27	50,00
47,30	50,00
47,32	50,00
47,35	50,00
47,37	50,00
47,39	50,00
47,42	50,00
47,44	50,00
47,47	50,00
47,49	50,00
47,52	50,00
47,54	50,00
47,57	50,00
47,59	50,00
47,61	50,00
47,64	50,00
47,66	50,00
47,69	50,00
47,71	50,00
47,74	50,00
47,76	50,00
47,78	50,00
47,81	50,00
47,83	50,00
47,86	50,00
47,88	50,00
47,91	50,00
47,93	50,00
47,96	50,00
47,98	50,00
48,00	50,00
48,03	50,00
48,05	50,00
48,08	50,00
48,10	50,00
48,13	50,00
48,15	50,00
48,18	50,00
48,20	50,00
48,22	50,00
48,25	50,00
48,27	50,00
48,30	50,00
48,32	50,00
48,35	50,00
48,37	50,00
48,40	50,00
48,42	50,00
48,44	50,00
48,47	50,00
48,49	50,00
48,52	50,00
48,54	50,00
48,57	50,00
48,59	50,00
48,62	50,00
48,64	50,00
48,66	50,00
48,69	50,00
48,71	50,00
48,74	50,00
48,76	50,00
48,79	50,00
48,81	50,00
48,84	50,00
48,86	50,00
48,88	50,00
48,91	50,00
48,93	50,00
48,96	50,00
48,98	50,00
49,01	50,00
49,03	50,00
49,05	50,00
49,08	50,00
49,10	50,00
49,13	50,00
49,15	50,00
49,18	50,00
49,20	50,00
49,23	50,00
49,25	50,00
49,27	50,00
49,30	50,00
49,32	50,00
49,35	50,00
49,37	50,00
49,40	50,00
49,42	50,00
49,45	50,00
49,47	50,00
49,49	50,00
49,52	50,00
49,54	50,00
49,57	50,00
49,59	50,00
49,62	50,00
49,64	50,00
49,67	50,00
49,69	50,00
49,71	50,00
49,74	50,00
49,76	50,00
49,79	50,00
49,81	50,00
49,84	50,00
49,86	50,00
49,89	50,00
49,91	50,00
49,93	50,00
49,96	50,00
49,98	50,00
50,01	50,00
50,03	50,00
50,06	50,00
50,08	50,00
50,10	50,00
50,13	50,00
50,15	50,00
50,18	50,00
50,20	50,00
50,23	50,00
50,25	50,00
50,28	50,00
50,30	50,00
50,32	50,00
50,35	50,00
50,37	50,00
50,40	50,00
50,42	50,00
50,45	50,00
50,47	50,00
50,50	50,00
50,52	50,00
50,54	50,00
50,57	50,00
50,59	50,00
50,62	50,00
50,64	50,00
50,67	50,00
50,69	50,00
50,72	50,00
50,74	50,00
50,76	50,00
50,79	50,00
50,81	50,00
50,84	50,00
50,86	50,00
50,89	50,00
50,91	50,00
50,94	50,00
50,96	50,00
50,98	50,00
51,01	50,00
51,03	50,00
51,06	50,00
51,08	50,00
51,11	50,00
51,13	50,00
51,15	50,00
51,18	50,00
51,20	50,00
51,23	50,00
51,25	50,00
51,28	50,00
51,30	50,00
51,33	50,00
51,35	50,00
51,37	50,00
51,40	50,00
51,42	50,00
51,45	50,00
51,47	50,00
51,50	50,00
51,52	50,00
51,55	50,00
