
U1/V	IA/nA

0,02	0,03
0,04	0,02
0,07	0,02
0,09	0,01
0,12	0,01
0,14	0,01
0,17	0,01
0,19	0,02
0,21	0,01
0,24	0,02
0,26	0,02
0,29	0,03
0,31	0,02
0,34	0,02
0,36	0,01
0,39	0,01
0,41	0,01
0,43	0,01
0,46	0,00
0,48	0,00
0,51	0,00
0,53	0,03
0,56	0,03
0,58	0,03
0,61	0,03
0,63	0,03
0,65	0,03
0,68	0,03
0,70	0,00
0,73	0,00
0,75	0,00
0,78	0,00
0,80	0,00
0,83	0,00
0,85	0,00
0,87	0,00
0,90	0,00
0,92	0,00
0,95	0,00
0,97	0,00
1,00	0,00
1,02	0,00
1,05	0,00
1,07	0,00
1,09	0,00
1,12	0,00
1,14	0,01
1,17	0,01
1,19	0,01
1,22	0,01
1,24	0,01
1,26	0,01
1,29	0,01
1,31	0,01
1,34	0,01
1,36	0,01
1,39	0,01
1,41	0,01
1,44	0,00
1,46	0,00
1,48	0,00
1,51	0,00
1,53	0,00
1,56	0,00
1,58	0,01
1,61	0,01
1,63	0,01
1,66	0,01
1,68	0,01
1,70	0,01
1,73	0,01
1,75	0,00
1,78	0,00
1,80	0,00
1,83	0,00
1,85	0,00
1,88	0,01
1,90	0,01
1,92	0,01
1,95	0,01
1,97	0,02
2,00	0,02
2,02	0,02
2,05	0,01
2,07	0,02
2,10	0,02
2,12	0,02
2,14	0,01
2,17	0,01
2,19	0,01
2,22	0,01
2,24	0,00
2,27	0,01
2,29	0,01
2,31	0,01
2,34	0,01
2,36	0,01
2,39	0,01
2,41	0,01
2,44	0,00
2,46	0,00
2,49	0,00
2,51	0,00
2,53	0,00
2,56	0,00
2,58	0,00
2,61	0,00
2,63	0,00
2,66	0,00
2,68	0,00
2,71	0,00
2,73	0,00
2,75	0,00
2,78	0,00
2,80	0,00
2,83	0,00
2,85	0,00
2,88	0,00
2,90	0,00
2,93	0,00
2,95	0,00
2,97	0,00
3,00	0,00
3,02	0,00
3,05	0,00
3,07	0,01
3,10	0,01
3,12	0,01
3,15	0,01
3,17	0,01
3,19	0,01
3,22	0,01
3,24	0,01
3,27	0,01
3,29	0,01
3,32	0,01
3,34	0,01
3,36	0,01
3,39	0,01
3,41	0,01
3,44	0,00
3,46	0,01
3,49	0,01
3,51	0,03
3,54	0,03
3,56	0,03
3,58	0,03
3,61	0,04
3,63	0,03
3,66	0,04
3,68	0,03
3,71	0,04
3,73	0,03
3,76	0,05
3,78	0,04
3,80	0,04
3,83	0,03
3,85	0,05
3,88	0,04
3,90	0,04
3,93	0,02
3,95	0,02
3,98	0,01
4,00	0,03
4,02	0,02
4,05	0,02
4,07	0,01
4,10	0,02
4,12	0,02
4,15	0,02
4,17	0,01
4,20	0,01
4,22	0,01
4,24	0,01
4,27	0,00
4,29	0,00
4,32	0,00
4,34	0,01
4,37	0,01
4,39	0,01
4,42	0,01
4,44	0,01
4,46	0,03
4,49	0,03
4,51	0,02
4,54	0,02
4,56	0,02
4,59	0,02
4,61	0,03
4,63	0,02
4,66	0,03
4,68	0,02
4,71	0,02
4,73	0,02
4,76	0,02
4,78	0,01
4,81	0,02
4,83	0,01
4,85	0,02
4,88	0,02
4,90	0,03
4,93	0,03
4,95	0,04
4,98	0,03
5,00	0,04
5,03	0,03
5,05	0,05
5,07	0,04
5,10	0,07
5,12	0,07
5,15	0,07
5,17	0,05
5,20	0,09
5,22	0,08
5,25	0,10
5,27	0,06
5,29	0,08
5,32	0,08
5,34	0,11
5,37	0,07
5,39	0,10
5,42	0,07
5,44	0,10
5,47	0,10
5,49	0,10
5,51	0,07
5,54	0,09
5,56	0,08
5,59	0,12
5,61	0,10
5,64	0,10
5,66	0,09
5,68	0,11
5,71	0,11
5,73	0,14
5,76	0,12
5,78	0,14
5,81	0,13
5,83	0,14
5,86	0,14
5,88	0,13
5,90	0,12
5,93	0,12
5,95	0,11
5,98	0,13
6,00	0,14
6,03	0,14
6,05	0,16
6,08	0,16
6,10	0,17
6,12	0,19
6,15	0,19
6,17	0,19
6,20	0,24
6,22	0,22
6,25	0,23
6,27	0,23
6,30	0,25
6,32	0,28
6,34	0,30
6,37	0,29
6,39	0,33
6,42	0,32
6,44	0,35
6,47	0,34
6,49	0,35
6,52	0,34
6,54	0,36
6,56	0,35
6,59	0,39
6,61	0,37
6,64	0,40
6,66	0,40
6,69	0,41
6,71	0,38
6,73	0,44
6,76	0,42
6,78	0,47
6,81	0,45
6,83	0,48
6,86	0,47
6,88	0,52
6,91	0,49
6,93	0,54
6,95	0,52
6,98	0,57
7,00	0,57
7,03	0,60
7,05	0,61
7,08	0,63
7,10	0,61
7,13	0,65
7,15	0,63
7,17	0,65
7,20	0,65
7,22	0,66
7,25	0,67
7,27	0,71
7,30	0,69
7,32	0,72
7,35	0,70
7,37	0,72
7,39	0,74
7,42	0,75
7,44	0,74
7,47	0,77
7,49	0,78
7,52	0,81
7,54	0,82
7,57	0,83
7,59	0,83
7,61	0,84
7,64	0,83
7,66	0,85
7,69	0,85
7,71	0,87
7,74	0,88
7,76	0,88
7,78	0,91
7,81	0,90
7,83	0,91
7,86	0,92
7,88	0,93
7,91	0,92
7,93	0,94
7,96	0,93
7,98	0,96
8,00	0,95
8,03	0,96
8,05	0,97
8,08	0,97
8,10	0,95
8,13	1,00
8,15	0,98
8,18	1,00
8,20	1,01
8,22	1,03
8,25	1,02
8,27	1,06
8,30	1,03
8,32	1,06
8,35	1,04
8,37	1,06
8,40	1,06
8,42	1,12
8,44	1,10
8,47	1,12
8,49	1,11
8,52	1,15
8,54	1,13
8,57	1,15
8,59	1,12
8,62	1,12
8,64	1,11
8,66	1,16
8,69	1,13
8,71	1,15
8,74	1,11
8,76	1,13
8,79	1,12
8,81	1,13
8,84	1,10
8,86	1,13
8,88	1,11
8,91	1,13
8,93	1,13
8,96	1,15
8,98	1,15
9,01	1,16
9,03	1,13
9,05	1,13
9,08	1,13
9,10	1,13
9,13	1,16
9,15	1,17
9,18	1,16
9,20	1,17
9,23	1,19
9,25	1,22
9,27	1,22
9,30	1,20
9,32	1,22
9,35	1,21
9,37	1,22
9,40	1,22
9,42	1,21
9,45	1,21
9,47	1,20
9,49	1,18
9,52	1,23
9,54	1,23
9,57	1,23
9,59	1,23
9,62	1,23
9,64	1,23
9,67	1,26
9,69	1,22
9,71	1,23
9,74	1,21
9,76	1,21
9,79	1,22
9,81	1,24
9,84	1,23
9,86	1,28
9,89	1,26
9,91	1,29
9,93	1,29
9,96	1,32
9,98	1,31
10,01	1,34
10,03	1,29
10,06	1,33
10,08	1,31
10,10	1,33
10,13	1,30
10,15	1,33
10,18	1,33
10,20	1,37
10,23	1,36
10,25	1,41
10,28	1,40
10,30	1,44
10,32	1,44
10,35	1,47
10,37	1,47
10,40	1,50
10,42	1,47
10,45	1,50
10,47	1,50
10,50	1,51
10,52	1,52
10,54	1,54
10,57	1,53
10,59	1,61
10,62	1,62
10,64	1,65
10,67	1,67
10,69	1,70
10,72	1,73
10,74	1,78
10,76	1,77
10,79	1,80
10,81	1,80
10,84	1,81
10,86	1,83
10,89	1,84
10,91	1,86
10,94	1,87
10,96	1,91
10,98	1,95
11,01	1,98
11,03	2,00
11,06	2,05
11,08	2,07
11,11	2,13
11,13	2,13
11,15	2,14
11,18	2,17
11,20	2,22
11,23	2,22
11,25	2,29
11,28	2,29
11,30	2,34
11,33	2,40
11,35	2,46
11,37	2,49
11,40	2,55
11,42	2,56
11,45	2,65
11,47	2,68
11,50	2,71
11,52	2,73
11,55	2,77
11,57	2,79
11,59	2,85
11,62	2,84
11,64	2,91
11,67	2,93
11,69	3,00
11,72	3,04
11,74	3,11
11,77	3,14
11,79	3,24
11,81	3,25
11,84	3,32
11,86	3,35
11,89	3,40
11,91	3,43
11,94	3,50
11,96	3,50
11,99	3,56
12,01	3,57
12,03	3,63
12,06	3,67
12,08	3,72
12,11	3,73
12,13	3,78
12,16	3,81
12,18	3,89
12,21	3,90
12,23	3,91
12,25	3,92
12,28	3,95
12,30	3,96
12,33	4,00
12,35	4,00
12,38	4,02
12,40	4,04
12,42	4,07
12,45	4,11
12,47	4,13
12,50	4,15
12,52	4,18
12,55	4,20
12,57	4,21
12,60	4,23
12,62	4,22
12,64	4,24
12,67	4,24
12,69	4,22
12,72	4,22
12,74	4,23
12,77	4,22
12,79	4,26
12,82	4,23
12,84	4,23
12,86	4,23
12,89	4,24
12,91	4,26
12,94	4,26
12,96	4,22
12,99	4,24
13,01	4,21
13,04	4,22
13,06	4,18
13,08	4,16
13,11	4,13
13,13	4,13
13,16	4,08
13,18	4,11
13,21	4,08
13,23	4,08
13,26	4,07
13,28	4,07
13,30	4,03
13,33	4,05
13,35	4,00
13,38	4,00
13,40	3,97
13,43	3,94
13,45	3,90
13,47	3,91
13,50	3,86
13,52	3,87
13,55	3,81
13,57	3,81
13,60	3,79
13,62	3,79
13,65	3,77
13,67	3,76
13,69	3,72
13,72	3,73
13,74	3,67
13,77	3,65
13,79	3,61
13,82	3,58
13,84	3,55
13,87	3,52
13,89	3,48
13,91	3,50
13,94	3,47
13,96	3,46
13,99	3,47
14,01	3,48
14,04	3,47
14,06	3,48
14,09	3,46
14,11	3,46
14,13	3,45
14,16	3,42
14,18	3,40
14,21	3,39
14,23	3,38
14,26	3,38
14,28	3,38
14,31	3,39
14,33	3,40
14,35	3,40
14,38	3,43
14,40	3,41
14,43	3,42
14,45	3,42
14,48	3,41
14,50	3,38
14,52	3,39
14,55	3,37
14,57	3,41
14,60	3,39
14,62	3,41
14,65	3,43
14,67	3,47
14,70	3,46
14,72	3,51
14,74	3,50
14,77	3,54
14,79	3,55
14,82	3,58
14,84	3,60
14,87	3,65
14,89	3,64
14,92	3,71
14,94	3,70
14,96	3,74
14,99	3,75
15,01	3,80
15,04	3,81
15,06	3,87
15,09	3,86
15,11	3,95
15,14	3,97
15,16	4,02
15,18	4,05
15,21	4,09
15,23	4,10
15,26	4,19
15,28	4,20
15,31	4,25
15,33	4,26
15,36	4,33
15,38	4,40
15,40	4,46
15,43	4,50
15,45	4,56
15,48	4,61
15,50	4,69
15,53	4,76
15,55	4,82
15,57	4,89
15,60	4,96
15,62	5,01
15,65	5,09
15,67	5,15
15,70	5,22
15,72	5,31
15,75	5,36
15,77	5,43
15,79	5,52
15,82	5,60
15,84	5,72
15,87	5,81
15,89	5,88
15,92	5,99
15,94	6,06
15,97	6,15
15,99	6,25
16,01	6,32
16,04	6,39
16,06	6,46
16,09	6,52
16,11	6,65
16,14	6,73
16,16	6,84
16,19	6,92
16,21	7,05
16,23	7,17
16,26	7,31
16,28	7,39
16,31	7,55
16,33	7,65
16,36	7,77
16,38	7,87
16,41	7,97
16,43	8,05
16,45	8,19
16,48	8,26
16,50	8,39
16,53	8,49
16,55	8,64
16,58	8,79
16,60	8,94
16,63	9,05
16,65	9,21
16,67	9,28
16,70	9,41
16,72	9,50
16,75	9,60
16,77	9,71
16,80	9,80
16,82	9,89
16,84	10,05
16,87	10,16
16,89	10,28
16,92	10,40
16,94	10,51
16,97	10,63
16,99	10,75
17,02	10,82
17,04	10,92
17,06	10,99
17,09	11,06
17,11	11,13
17,14	11,16
17,16	11,22
17,19	11,28
17,21	11,33
17,24	11,39
17,26	11,43
17,28	11,45
17,31	11,52
17,33	11,50
17,36	11,50
17,38	11,52
17,41	11,50
17,43	11,47
17,46	11,46
17,48	11,42
17,50	11,44
17,53	11,41
17,55	11,39
17,58	11,39
17,60	11,37
17,63	11,33
17,65	11,31
17,68	11,26
17,70	11,23
17,72	11,17
17,75	11,11
17,77	11,06
17,80	11,03
17,82	10,96
17,85	10,91
17,87	10,82
17,89	10,75
17,92	10,66
17,94	10,59
17,97	10,48
17,99	10,40
18,02	10,27
18,04	10,24
18,07	10,12
18,09	10,06
18,11	9,94
18,14	9,87
18,16	9,77
18,19	9,71
18,21	9,56
18,24	9,50
18,26	9,36
18,29	9,27
18,31	9,15
18,33	9,07
18,36	8,94
18,38	8,89
18,41	8,76
18,43	8,70
18,46	8,59
18,48	8,52
18,51	8,42
18,53	8,35
18,55	8,23
18,58	8,20
18,60	8,08
18,63	8,03
18,65	7,93
18,68	7,85
18,70	7,75
18,73	7,70
18,75	7,59
18,77	7,57
18,80	7,47
18,82	7,41
18,85	7,35
18,87	7,30
18,90	7,23
18,92	7,20
18,94	7,13
18,97	7,10
18,99	7,04
19,02	6,99
19,04	6,99
19,07	6,95
19,09	6,91
19,12	6,88
19,14	6,84
19,16	6,85
19,19	6,83
19,21	6,80
19,24	6,79
19,26	6,79
19,29	6,80
19,31	6,80
19,34	6,79
19,36	6,80
19,38	6,82
19,41	6,82
19,43	6,84
19,46	6,85
19,48	6,89
19,51	6,91
19,53	6,95
19,56	6,95
19,58	7,00
19,60	7,01
19,63	7,05
19,65	7,07
19,68	7,13
19,70	7,15
19,73	7,22
19,75	7,26
19,78	7,36
19,80	7,41
19,82	7,49
19,85	7,54
19,87	7,62
19,90	7,68
19,92	7,77
19,95	7,81
19,97	7,91
19,99	7,98
20,02	8,09
20,04	8,17
20,07	8,25
20,09	8,34
20,12	8,46
20,14	8,56
20,17	8,68
20,19	8,76
20,21	8,88
20,24	8,99
20,26	9,10
20,29	9,20
20,31	9,31
20,34	9,41
20,36	9,55
20,39	9,67
20,41	9,82
20,43	9,97
20,46	10,12
20,48	10,28
20,51	10,44
20,53	10,55
20,56	10,69
20,58	10,82
20,61	10,95
20,63	11,10
20,65	11,23
20,68	11,36
20,70	11,55
20,73	11,71
20,75	11,90
20,78	12,10
20,80	12,26
20,83	12,45
20,85	12,64
20,87	12,84
20,90	13,00
20,92	13,18
20,95	13,31
20,97	13,50
21,00	13,64
21,02	13,83
21,05	13,98
21,07	14,21
21,09	14,38
21,12	14,61
21,14	14,80
21,17	15,07
21,19	15,25
21,22	15,50
21,24	15,67
21,26	15,89
21,29	16,07
21,31	16,30
21,34	16,47
21,36	16,71
21,39	16,90
21,41	17,17
21,44	17,42
21,46	17,68
21,48	17,90
21,51	18,18
21,53	18,43
21,56	18,71
21,58	18,91
21,61	19,10
21,63	19,34
21,66	19,56
21,68	19,77
21,70	19,98
21,73	20,14
21,75	20,39
21,78	20,64
21,80	20,86
21,83	21,08
21,85	21,30
21,88	21,50
21,90	21,74
21,92	21,90
21,95	22,06
21,97	22,22
22,00	22,37
22,02	22,48
22,05	22,62
22,07	22,72
22,10	22,83
22,12	22,94
22,14	23,03
22,17	23,10
22,19	23,15
22,22	23,21
22,24	23,26
22,27	23,30
22,29	23,33
22,31	23,33
22,34	23,33
22,36	23,34
22,39	23,28
22,41	23,25
22,44	23,20
22,46	23,13
22,49	23,04
22,51	22,96
22,53	22,85
22,56	22,78
22,58	22,67
22,61	22,55
22,63	22,46
22,66	22,36
22,68	22,25
22,71	22,18
22,73	22,06
22,75	21,95
22,78	21,81
22,80	21,64
22,83	21,48
22,85	21,31
22,88	21,09
22,90	20,89
22,93	20,67
22,95	20,46
22,97	20,27
23,00	20,09
23,02	19,88
23,05	19,69
23,07	19,45
23,10	19,28
23,12	19,06
23,15	18,85
23,17	18,58
23,19	18,35
23,22	18,08
23,24	17,87
23,27	17,58
23,29	17,37
23,32	17,10
23,34	16,91
23,36	16,68
23,39	16,49
23,41	16,27
23,44	16,13
23,46	15,92
23,49	15,77
23,51	15,54
23,54	15,37
23,56	15,18
23,58	15,00
23,61	14,76
23,63	14,59
23,66	14,39
23,68	14,26
23,71	14,13
23,73	13,99
23,76	13,84
23,78	13,74
23,80	13,63
23,83	13,55
23,85	13,42
23,88	13,29
23,90	13,18
23,93	13,09
23,95	12,99
23,98	12,91
24,00	12,83
24,02	12,76
24,05	12,70
24,07	12,66
24,10	12,63
24,12	12,59
24,15	12,56
24,17	12,53
24,20	12,52
24,22	12,52
24,24	12,51
24,27	12,49
24,29	12,52
24,32	12,52
24,34	12,53
24,37	12,53
24,39	12,55
24,42	12,56
24,44	12,65
24,46	12,66
24,49	12,73
24,51	12,78
24,54	12,86
24,56	12,96
24,59	13,08
24,61	13,12
24,63	13,25
24,66	13,34
24,68	13,47
24,71	13,58
24,73	13,68
24,76	13,77
24,78	13,91
24,81	14,01
24,83	14,15
24,85	14,24
24,88	14,38
24,90	14,54
24,93	14,71
24,95	14,87
24,98	15,06
25,00	15,23
25,03	15,45
25,05	15,64
25,07	15,79
25,10	15,93
25,12	16,10
25,15	16,27
25,17	16,48
25,20	16,64
25,22	16,84
25,25	17,05
25,27	17,30
25,29	17,54
25,32	17,78
25,34	17,98
25,37	18,22
25,39	18,43
25,42	18,64
25,44	18,84
25,47	19,03
25,49	19,24
25,51	19,48
25,54	19,72
25,56	19,98
25,59	20,26
25,61	20,54
25,64	20,85
25,66	21,14
25,68	21,45
25,71	21,73
25,73	22,04
25,76	22,33
25,78	22,61
25,81	22,85
25,83	23,13
25,86	23,35
25,88	23,64
25,90	23,91
25,93	24,19
25,95	24,51
25,98	24,88
26,00	25,19
26,03	25,58
26,05	25,89
26,08	26,26
26,10	26,60
26,12	26,91
26,15	27,14
26,17	27,48
26,20	27,76
26,22	28,12
26,25	28,40
26,27	28,75
26,30	29,11
26,32	29,56
26,34	29,91
26,37	30,31
26,39	30,63
26,42	31,01
26,44	31,37
26,47	31,72
26,49	32,01
26,52	32,33
26,54	32,64
26,56	32,99
26,59	33,32
26,61	33,67
26,64	34,06
26,66	34,41
26,69	34,79
26,71	35,14
26,73	35,52
26,76	35,87
26,78	36,19
26,81	36,47
26,83	36,77
26,86	37,03
26,88	37,31
26,91	37,56
26,93	37,81
26,95	38,04
26,98	38,29
27,00	38,53
27,03	38,76
27,05	38,99
27,08	39,21
27,10	39,40
27,13	39,59
27,15	39,71
27,17	39,84
27,20	39,95
27,22	40,03
27,25	40,08
27,27	40,12
27,30	40,15
27,32	40,22
27,35	40,24
27,37	40,30
27,39	40,31
27,42	40,33
27,44	40,30
27,47	40,30
27,49	40,24
27,52	40,22
27,54	40,13
27,57	40,08
27,59	39,98
27,61	39,91
27,64	39,78
27,66	39,66
27,69	39,52
27,71	39,38
27,74	39,18
27,76	39,03
27,78	38,82
27,81	38,64
27,83	38,41
27,86	38,21
27,88	37,98
27,91	37,77
27,93	37,50
27,96	37,23
27,98	36,94
28,00	36,63
28,03	36,28
28,05	35,89
28,08	35,51
28,10	35,18
28,13	34,79
28,15	34,41
28,18	34,03
28,20	33,67
28,22	33,36
28,25	33,03
28,27	32,64
28,30	32,33
28,32	31,94
28,35	31,64
28,37	31,29
28,40	30,94
28,42	30,55
28,44	30,23
28,47	29,84
28,49	29,55
28,52	29,15
28,54	28,83
28,57	28,51
28,59	28,24
28,62	27,91
28,64	27,64
28,66	27,33
28,69	27,07
28,71	26,77
28,74	26,49
28,76	26,18
28,79	25,93
28,81	25,65
28,84	25,42
28,86	25,19
28,88	24,99
28,91	24,78
28,93	24,60
28,96	24,47
28,98	24,32
29,01	24,16
29,03	24,04
29,05	23,90
29,08	23,77
29,10	23,69
29,13	23,56
29,15	23,50
29,18	23,44
29,20	23,39
29,23	23,35
29,25	23,32
29,27	23,27
29,30	23,28
29,32	23,26
29,35	23,25
29,37	23,26
29,40	23,27
29,42	23,30
29,45	23,37
29,47	23,40
29,49	23,48
29,52	23,53
29,54	23,64
29,57	23,72
29,59	23,85
29,62	23,95
29,64	24,08
29,67	24,17
29,69	24,38
29,71	24,49
29,74	24,66
29,76	24,78
29,79	24,95
29,81	25,12
29,84	25,36
29,86	25,51
29,89	25,76
29,91	25,97
29,93	26,21
29,96	26,42
29,98	26,67
30,01	26,86
30,03	27,11
30,06	27,33
30,08	27,57
30,10	27,84
30,13	28,13
30,15	28,40
30,18	28,69
30,20	28,98
30,23	29,29
30,25	29,59
30,28	29,89
30,30	30,20
30,32	30,49
30,35	30,81
30,37	31,12
30,40	31,41
30,42	31,77
30,45	32,12
30,47	32,49
30,50	32,89
30,52	33,27
30,54	33,67
30,57	34,08
30,59	34,49
30,62	34,88
30,64	35,30
30,67	35,64
30,69	36,03
30,72	36,38
30,74	36,76
30,76	37,13
30,79	37,54
30,81	37,92
30,84	38,42
30,86	38,85
30,89	39,34
30,91	39,81
30,94	40,30
30,96	40,75
30,98	41,28
31,01	41,68
31,03	42,14
31,06	42,54
31,08	42,99
31,11	43,39
31,13	43,88
31,15	44,29
31,18	44,82
31,20	45,30
31,23	45,88
31,25	46,37
31,28	46,94
31,30	47,44
31,33	48,02
31,35	48,45
31,37	48,92
31,40	49,24
31,42	49,57
31,45	49,76
31,47	49,90
31,50	49,92
31,52	50,00
31,55	50,00
31,57	50,00
31,59	50,00
31,62	50,00
31,64	50,00
31,67	50,00
31,69	50,00
31,72	50,00
31,74	50,00
31,77	50,00
31,79	50,00
31,81	50,00
31,84	50,00
31,86	50,00
31,89	50,00
31,91	50,00
31,94	50,00
31,96	50,00
31,99	50,00
32,01	50,00
32,03	50,00
32,06	50,00
32,08	50,00
32,11	50,00
32,13	50,00
32,16	50,00
32,18	50,00
32,20	50,00
32,23	50,00
32,25	50,00
32,28	50,00
32,30	50,00
32,33	50,00
32,35	50,00
32,38	50,00
32,40	50,00
32,42	50,00
32,45	50,00
32,47	50,00
32,50	50,00
32,52	50,00
32,55	50,00
32,57	50,00
32,60	50,00
32,62	50,00
32,64	50,00
32,67	50,00
32,69	50,00
32,72	50,00
32,74	50,00
32,77	50,00
32,79	50,00
32,82	50,00
32,84	50,00
32,86	50,00
32,89	50,00
32,91	50,00
32,94	50,00
32,96	50,00
32,99	50,00
33,01	50,00
33,04	50,00
33,06	50,00
33,08	50,00
33,11	50,00
33,13	50,00
33,16	50,00
33,18	50,00
33,21	50,00
33,23	50,00
33,26	50,00
33,28	50,00
33,30	50,00
33,33	50,00
33,35	50,00
33,38	50,00
33,40	50,00
33,43	50,00
33,45	50,00
33,47	50,00
33,50	50,00
33,52	50,00
33,55	50,00
33,57	50,00
33,60	50,00
33,62	50,00
33,65	50,00
33,67	50,00
33,69	50,00
33,72	50,00
33,74	49,95
33,77	49,85
33,79	49,74
33,82	49,54
33,84	49,30
33,87	49,00
33,89	48,67
33,91	48,29
33,94	47,96
33,96	47,56
33,99	47,21
34,01	46,86
34,04	46,51
34,06	46,17
34,09	45,91
34,11	45,60
34,13	45,34
34,16	45,11
34,18	44,88
34,21	44,67
34,23	44,47
34,26	44,27
34,28	44,10
34,31	43,95
34,33	43,79
34,35	43,69
34,38	43,61
34,40	43,57
34,43	43,54
34,45	43,54
34,48	43,55
34,50	43,58
34,52	43,58
34,55	43,63
34,57	43,66
34,60	43,70
34,62	43,74
34,65	43,80
34,67	43,90
34,70	44,05
34,72	44,17
34,74	44,36
34,77	44,51
34,79	44,74
34,82	44,96
34,84	45,14
34,87	45,28
34,89	45,53
34,92	45,70
34,94	45,98
34,96	46,20
34,99	46,47
35,01	46,78
35,04	47,15
35,06	47,46
35,09	47,87
35,11	48,20
35,14	48,61
35,16	48,98
35,18	49,30
35,21	49,55
35,23	49,76
35,26	49,87
35,28	49,98
35,31	50,00
35,33	50,00
35,36	50,00
35,38	50,00
35,40	50,00
35,43	50,00
35,45	50,00
35,48	50,00
35,50	50,00
35,53	50,00
35,55	50,00
35,57	50,00
35,60	50,00
35,62	50,00
35,65	50,00
35,67	50,00
35,70	50,00
35,72	50,00
35,75	50,00
35,77	50,00
35,79	50,00
35,82	50,00
35,84	50,00
35,87	50,00
35,89	50,00
35,92	50,00
35,94	50,00
35,97	50,00
35,99	50,00
36,01	50,00
36,04	50,00
36,06	50,00
36,09	50,00
36,11	50,00
36,14	50,00
36,16	50,00
36,19	50,00
36,21	50,00
36,23	50,00
36,26	50,00
36,28	50,00
36,31	50,00
36,33	50,00
36,36	50,00
36,38	50,00
36,41	50,00
36,43	50,00
36,45	50,00
36,48	50,00
36,50	50,00
36,53	50,00
36,55	50,00
36,58	50,00
36,60	50,00
36,62	50,00
36,65	50,00
36,67	50,00
36,70	50,00
36,72	50,00
36,75	50,00
36,77	50,00
36,80	50,00
36,82	50,00
36,84	50,00
36,87	50,00
36,89	50,00
36,92	50,00
36,94	50,00
36,97	50,00
36,99	50,00
37,02	50,00
37,04	50,00
37,06	50,00
37,09	50,00
37,11	50,00
37,14	50,00
37,16	50,00
37,19	50,00
37,21	50,00
37,24	50,00
37,26	50,00
37,28	50,00
37,31	50,00
37,33	50,00
37,36	50,00
37,38	50,00
37,41	50,00
37,43	50,00
37,46	50,00
37,48	50,00
37,50	50,00
37,53	50,00
37,55	50,00
37,58	50,00
37,60	50,00
37,63	50,00
37,65	50,00
37,68	50,00
37,70	50,00
37,72	50,00
37,75	50,00
37,77	50,00
37,80	50,00
37,82	50,00
37,85	50,00
37,87	50,00
37,89	50,00
37,92	50,00
37,94	50,00
37,97	50,00
37,99	50,00
38,02	50,00
38,04	50,00
38,07	50,00
38,09	50,00
38,11	50,00
38,14	50,00
38,16	50,00
38,19	50,00
38,21	50,00
38,24	50,00
38,26	50,00
38,29	50,00
38,31	50,00
38,33	50,00
38,36	50,00
38,38	50,00
38,41	50,00
38,43	50,00
38,46	50,00
38,48	50,00
38,51	50,00
38,53	50,00
38,55	50,00
38,58	50,00
38,60	50,00
38,63	50,00
38,65	50,00
38,68	50,00
38,70	50,00
38,73	50,00
38,75	50,00
38,77	50,00
38,80	50,00
38,82	50,00
38,85	50,00
38,87	50,00
38,90	50,00
38,92	50,00
38,94	50,00
38,97	50,00
38,99	50,00
39,02	50,00
39,04	50,00
39,07	50,00
39,09	50,00
39,12	50,00
39,14	50,00
39,16	50,00
39,19	50,00
39,21	50,00
39,24	50,00
39,26	50,00
39,29	50,00
39,31	50,00
39,34	50,00
39,36	50,00
39,38	50,00
39,41	50,00
39,43	50,00
39,46	50,00
39,48	50,00
39,51	50,00
39,53	50,00
39,56	50,00
39,58	50,00
39,60	50,00
39,63	50,00
39,65	50,00
39,68	50,00
39,70	50,00
39,73	50,00
39,75	50,00
39,78	50,00
39,80	50,00
39,82	50,00
39,85	50,00
39,87	50,00
39,90	50,00
39,92	50,00
39,95	50,00
39,97	50,00
39,99	50,00
40,02	50,00
40,04	50,00
40,07	50,00
40,09	50,00
40,12	50,00
40,14	50,00
40,17	50,00
40,19	50,00
40,21	50,00
40,24	50,00
40,26	50,00
40,29	50,00
40,31	50,00
40,34	50,00
40,36	50,00
40,39	50,00
40,41	50,00
40,43	50,00
40,46	50,00
40,48	50,00
40,51	50,00
40,53	50,00
40,56	50,00
40,58	50,00
40,61	50,00
40,63	50,00
40,65	50,00
40,68	50,00
40,70	50,00
40,73	50,00
40,75	50,00
40,78	50,00
40,80	50,00
40,83	50,00
40,85	50,00
40,87	50,00
40,90	50,00
40,92	50,00
40,95	50,00
40,97	50,00
41,00	50,00
41,02	50,00
41,05	50,00
41,07	50,00
41,09	50,00
41,12	50,00
41,14	50,00
41,17	50,00
41,19	50,00
41,22	50,00
41,24	50,00
41,26	50,00
41,29	50,00
41,31	50,00
41,34	50,00
41,36	50,00
41,39	50,00
41,41	50,00
41,44	50,00
41,46	50,00
41,48	50,00
41,51	50,00
41,53	50,00
41,56	50,00
41,58	50,00
41,61	50,00
41,63	50,00
41,66	50,00
41,68	50,00
41,70	50,00
41,73	50,00
41,75	50,00
41,78	50,00
41,80	50,00
41,83	50,00
41,85	50,00
41,88	50,00
41,90	50,00
41,92	50,00
41,95	50,00
41,97	50,00
42,00	50,00
42,02	50,00
42,05	50,00
42,07	50,00
42,10	50,00
42,12	50,00
42,14	50,00
42,17	50,00
42,19	50,00
42,22	50,00
42,24	50,00
42,27	50,00
42,29	50,00
42,31	50,00
42,34	50,00
42,36	50,00
42,39	50,00
42,41	50,00
42,44	50,00
42,46	50,00
42,49	50,00
42,51	50,00
42,53	50,00
42,56	50,00
42,58	50,00
42,61	50,00
42,63	50,00
42,66	50,00
42,68	50,00
42,71	50,00
42,73	50,00
42,75	50,00
42,78	50,00
42,80	50,00
42,83	50,00
42,85	50,00
42,88	50,00
42,90	50,00
42,93	50,00
42,95	50,00
42,97	50,00
43,00	50,00
43,02	50,00
43,05	50,00
43,07	50,00
43,10	50,00
43,12	50,00
43,15	50,00
43,17	50,00
43,19	50,00
43,22	50,00
43,24	50,00
43,27	50,00
43,29	50,00
43,32	50,00
43,34	50,00
43,36	50,00
43,39	50,00
43,41	50,00
43,44	50,00
43,46	50,00
43,49	50,00
43,51	50,00
43,54	50,00
43,56	50,00
43,58	50,00
43,61	50,00
43,63	50,00
43,66	50,00
43,68	50,00
43,71	50,00
43,73	50,00
43,76	50,00
43,78	50,00
43,80	50,00
43,83	50,00
43,85	50,00
43,88	50,00
43,90	50,00
43,93	50,00
43,95	50,00
43,98	50,00
44,00	50,00
44,02	50,00
44,05	50,00
44,07	50,00
44,10	50,00
44,12	50,00
44,15	50,00
44,17	50,00
44,20	50,00
44,22	50,00
44,24	50,00
44,27	50,00
44,29	50,00
44,32	50,00
44,34	50,00
44,37	50,00
44,39	50,00
44,41	50,00
44,44	50,00
44,46	50,00
44,49	50,00
44,51	50,00
44,54	50,00
44,56	50,00
44,59	50,00
44,61	50,00
44,63	50,00
44,66	50,00
44,68	50,00
44,71	50,00
44,73	50,00
44,76	50,00
44,78	50,00
44,81	50,00
44,83	50,00
44,85	50,00
44,88	50,00
44,90	50,00
44,93	50,00
44,95	50,00
44,98	50,00
45,00	50,00
45,03	50,00
45,05	50,00
45,07	50,00
45,10	50,00
45,12	50,00
45,15	50,00
45,17	50,00
45,20	50,00
45,22	50,00
45,25	50,00
45,27	50,00
45,29	50,00
45,32	50,00
45,34	50,00
45,37	50,00
45,39	50,00
45,42	50,00
45,44	50,00
45,47	50,00
45,49	50,00
45,51	50,00
45,54	50,00
45,56	50,00
45,59	50,00
45,61	50,00
45,64	50,00
45,66	50,00
45,68	50,00
45,71	50,00
45,73	50,00
45,76	50,00
45,78	50,00
45,81	50,00
45,83	50,00
45,86	50,00
45,88	50,00
45,90	50,00
45,93	50,00
45,95	50,00
45,98	50,00
46,00	50,00
46,03	50,00
46,05	50,00
46,08	50,00
46,10	50,00
46,12	50,00
46,15	50,00
46,17	50,00
46,20	50,00
46,22	50,00
46,25	50,00
46,27	50,00
46,30	50,00
46,32	50,00
46,34	50,00
46,37	50,00
46,39	50,00
46,42	50,00
46,44	50,00
46,47	50,00
46,49	50,00
46,52	50,00
46,54	50,00
46,56	50,00
46,59	50,00
46,61	50,00
46,64	50,00
46,66	50,00
46,69	50,00
46,71	50,00
46,73	50,00
46,76	50,00
46,78	50,00
46,81	50,00
46,83	50,00
46,86	50,00
46,88	50,00
46,91	50,00
46,93	50,00
46,95	50,00
46,98	50,00
47,00	50,00
47,03	50,00
47,05	50,00
47,08	50,00
47,10	50,00
47,13	50,00
47,15	50,00
47,17	50,00
47,20	50,00
47,22	50,00
47,25	50,00
47,27	50,00
47,30	50,00
47,32	50,00
47,35	50,00
47,37	50,00
47,39	50,00
47,42	50,00
47,44	50,00
47,47	50,00
47,49	50,00
47,52	50,00
47,54	50,00
47,57	50,00
47,59	50,00
47,61	50,00
47,64	50,00
47,66	50,00
47,69	50,00
47,71	50,00
47,74	50,00
47,76	50,00
47,78	50,00
47,81	50,00
47,83	50,00
47,86	50,00
47,88	50,00
47,91	50,00
47,93	50,00
47,96	50,00
47,98	50,00
48,00	50,00
48,03	50,00
48,05	50,00
48,08	50,00
48,10	50,00
48,13	50,00
48,15	50,00
48,18	50,00
48,20	50,00
48,22	50,00
48,25	50,00
48,27	50,00
48,30	50,00
48,32	50,00
48,35	50,00
48,37	50,00
48,40	50,00
48,42	50,00
48,44	50,00
48,47	50,00
48,49	50,00
48,52	50,00
48,54	50,00
48,57	50,00
48,59	50,00
48,62	50,00
48,64	50,00
48,66	50,00
48,69	50,00
48,71	50,00
48,74	50,00
48,76	50,00
48,79	50,00
48,81	50,00
48,84	50,00
48,86	50,00
48,88	50,00
48,91	50,00
48,93	50,00
48,96	50,00
48,98	50,00
49,01	50,00
49,03	50,00
49,05	50,00
49,08	50,00
49,10	50,00
49,13	50,00
49,15	50,00
49,18	50,00
49,20	50,00
49,23	50,00
49,25	50,00
49,27	50,00
49,30	50,00
49,32	50,00
49,35	50,00
49,37	50,00
49,40	50,00
49,42	50,00
49,45	50,00
49,47	50,00
49,49	50,00
49,52	50,00
49,54	50,00
49,57	50,00
49,59	50,00
49,62	50,00
49,64	50,00
49,67	50,00
49,69	50,00
49,71	50,00
49,74	50,00
49,76	50,00
49,79	50,00
49,81	50,00
49,84	50,00
49,86	50,00
49,89	50,00
49,91	50,00
49,93	50,00
49,96	50,00
49,98	50,00
50,01	50,00
50,03	50,00
50,06	50,00
50,08	50,00
50,10	50,00
50,13	50,00
50,15	50,00
50,18	50,00
50,20	50,00
50,23	50,00
50,25	50,00
50,28	50,00
50,30	50,00
50,32	50,00
50,35	50,00
50,37	50,00
50,40	50,00
50,42	50,00
50,45	50,00
50,47	50,00
50,50	50,00
50,52	50,00
50,54	50,00
50,57	50,00
50,59	50,00
50,62	50,00
50,64	50,00
50,67	50,00
50,69	50,00
50,72	50,00
50,74	50,00
50,76	50,00
50,79	50,00
50,81	50,00
50,84	50,00
50,86	50,00
50,89	50,00
50,91	50,00
50,94	50,00
50,96	50,00
50,98	50,00
51,01	50,00
51,03	50,00
51,06	50,00
51,08	50,00
51,11	50,00
51,13	50,00
51,15	50,00
51,18	50,00
51,20	50,00
51,23	50,00
51,25	50,00
51,28	50,00
51,30	50,00
51,33	50,00
51,35	50,00
51,37	50,00
51,40	50,00
51,42	50,00
51,45	50,00
51,47	50,00
51,50	50,00
51,52	50,00
51,55	50,00
51,57	50,00
51,59	50,00
51,62	50,00
51,64	50,00
51,67	50,00
51,69	50,00
51,72	50,00
51,74	50,00
51,77	50,00
51,79	50,00
51,81	50,00
51,84	50,00
51,86	50,00
51,89	50,00
51,91	50,00
51,94	50,00
51,96	50,00
51,99	50,00
52,01	50,00
52,03	50,00
52,06	50,00
52,08	50,00
52,11	50,00
52,13	50,00
52,16	50,00
52,18	50,00
52,20	50,00
52,23	50,00
52,25	50,00
52,28	50,00
52,30	50,00
52,33	50,00
52,35	50,00
52,38	50,00
52,40	50,00
52,42	50,00
52,45	50,00
52,47	50,00
52,50	50,00
52,52	50,00
52,55	50,00
52,57	50,00
52,60	50,00
52,62	50,00
52,64	50,00
52,67	50,00
52,69	50,00
52,72	50,00
52,74	50,00
52,77	50,00
52,79	50,00
52,82	50,00
52,84	50,00
52,86	50,00
52,89	50,00
52,91	50,00
52,94	50,00
52,96	50,00
52,99	50,00
53,01	50,00
53,04	50,00
53,06	50,00
53,08	50,00
53,11	50,00
53,13	50,00
53,16	50,00
53,18	50,00
53,21	50,00
53,23	50,00
53,26	50,00
53,28	50,00
53,30	50,00
53,33	50,00
53,35	50,00
53,38	50,00
53,40	50,00
53,43	50,00
53,45	50,00
53,47	50,00
53,50	50,00
53,52	50,00
53,55	50,00
53,57	50,00
53,60	50,00
53,62	50,00
53,65	50,00
53,67	50,00
53,69	50,00
53,72	50,00
53,74	50,00
53,77	50,00
53,79	50,00
53,82	50,00
53,84	50,00
53,87	50,00
53,89	50,00
53,91	50,00
53,94	50,00
53,96	50,00
53,99	50,00
54,01	50,00
54,04	50,00
54,06	50,00
54,09	50,00
54,11	50,00
54,13	50,00
54,16	50,00
54,18	50,00
54,21	50,00
54,23	50,00
54,26	50,00
54,28	50,00
54,31	50,00
54,33	50,00
54,35	50,00
54,38	50,00
54,40	50,00
54,43	50,00
54,45	50,00
54,48	50,00
54,50	50,00
54,52	50,00
54,55	50,00
54,57	50,00
54,60	50,00
54,62	50,00
54,65	50,00
54,67	50,00
54,70	50,00
54,72	50,00
54,74	50,00
54,77	50,00
54,79	50,00
54,82	50,00
54,84	50,00
54,87	50,00
54,89	50,00
54,92	50,00
54,94	50,00
54,96	50,00
54,99	50,00
55,01	50,00
55,04	50,00
55,06	50,00
55,09	50,00
55,11	50,00
55,14	50,00
55,16	50,00
55,18	50,00
55,21	50,00
55,23	50,00
55,26	50,00
55,28	50,00
55,31	50,00
55,33	50,00
55,36	50,00
55,38	50,00
55,40	50,00
55,43	50,00
55,45	50,00
55,48	50,00
55,50	50,00
55,53	50,00
55,55	50,00
55,57	50,00
55,60	50,00
55,62	50,00
55,65	50,00
55,67	50,00
55,70	50,00
55,72	50,00
55,75	50,00
